[

[0,30,1,1,0.413043,inf,2.875e-07,2.875e-07],
[0,30,2,2,0.695652,4.90689,1.4375e-07,2.15625e-07],
[0,30,3,3,0.717391,3.0959,1.4375e-07,1.91667e-07],
[0,30,4,4,0.680851,2.45345,1.46875e-07,1.80469e-07],
[0,30,5,5,0.627451,2.11328,1.59375e-07,1.7625e-07],
[0,30,10,10,0.52459,1.47712,1.90625e-07,1.78646e-07],
[0,30,20,15,0.744186,1.25596,1.34375e-07,1.72321e-07],
[0,30,50,25,0.5,1.05664,2e-07,1.75781e-07],
[0,30,100,30,0.846154,1,1.21875e-07,1.69792e-07],
[0,30,200,31,0.761905,0.990451,1.3125e-07,1.65937e-07],
[0,30,500,31,0.804878,0.990451,1.28125e-07,1.625e-07],
[0,30,1000,31,0.607143,0.990451,1.75e-07,1.63542e-07],
[0,30,30,21,0.969697,1.11715,1.03125e-07,1.58894e-07],
[1,30,1,1,0.76087,inf,1.4375e-07,1.4375e-07],
[1,30,2,2,0.666667,4.90689,1.3125e-07,1.375e-07],
[1,30,3,3,0.682927,3.0959,1.28125e-07,1.34375e-07],
[1,30,4,4,0.630435,2.45345,1.4375e-07,1.36719e-07],
[1,30,5,5,0.659091,2.11328,1.375e-07,1.36875e-07],
[1,30,10,8,0.697674,1.63563,1.34375e-07,1.36458e-07],
[1,30,20,15,0.674419,1.25596,1.34375e-07,1.36161e-07],
[1,30,50,26,0.714286,1.04392,1.3125e-07,1.35547e-07],
[1,30,100,29,0.673077,1.01007,1.625e-07,1.38542e-07],
[1,30,200,31,0.72093,0.990451,1.34375e-07,1.38125e-07],
[1,30,500,31,0.630435,0.990451,1.4375e-07,1.38636e-07],
[1,30,1000,31,0.555556,0.990451,1.40625e-07,1.38802e-07],
[1,30,30,17,0.411765,1.20047,2.125e-07,1.44471e-07],
[2,30,1,1,0.729167,inf,1.5e-07,1.5e-07],
[2,30,2,2,0.744186,4.90689,1.34375e-07,1.42188e-07],
[2,30,3,3,0.738095,3.0959,1.3125e-07,1.38542e-07],
[2,30,4,4,0.695652,2.45345,1.4375e-07,1.39844e-07],
[2,30,5,5,0.744186,2.11328,1.34375e-07,1.3875e-07],
[2,30,10,9,0.761905,1.54795,1.3125e-07,1.375e-07],
[2,30,20,17,0.711111,1.20047,1.40625e-07,1.37946e-07],
[2,30,50,25,0.711111,1.05664,1.40625e-07,1.38281e-07],
[2,30,100,30,0.809524,1,1.3125e-07,1.375e-07],
[2,30,200,31,0.75,0.990451,1.375e-07,1.375e-07],
[2,30,500,31,0.761905,0.990451,1.3125e-07,1.36932e-07],
[2,30,1000,31,0.695652,0.990451,1.4375e-07,1.375e-07],
[2,30,30,19,0.727273,1.15513,1.375e-07,1.375e-07],
[3,30,1,1,0.813953,inf,1.34375e-07,1.34375e-07],
[3,30,2,2,0.613636,4.90689,1.375e-07,1.35938e-07],
[3,30,3,3,0.731707,3.0959,1.28125e-07,1.33333e-07],
[3,30,4,4,0.714286,2.45345,1.3125e-07,1.32813e-07],
[3,30,5,5,0.682927,2.11328,1.28125e-07,1.31875e-07],
[3,30,10,9,0.717949,1.54795,1.21875e-07,1.30208e-07],
[3,30,20,16,0.636364,1.22672,1.375e-07,1.3125e-07],
[3,30,50,22,0.697674,1.10034,1.34375e-07,1.31641e-07],
[3,30,100,30,0.8,1,1.25e-07,1.30903e-07],
[3,30,200,30,0.731707,1,1.28125e-07,1.30625e-07],
[3,30,500,31,0.8,0.990451,1.25e-07,1.30114e-07],
[3,30,1000,31,0.714286,0.990451,1.3125e-07,1.30208e-07],
[3,30,30,21,0.714286,1.11715,1.3125e-07,1.30288e-07],
[4,30,1,1,0.75,inf,1.625e-07,1.625e-07],
[4,30,2,2,0.790698,4.90689,1.34375e-07,1.48438e-07],
[4,30,3,3,0.767442,3.0959,1.34375e-07,1.4375e-07],
[4,30,4,4,0.704545,2.45345,1.375e-07,1.42188e-07],
[4,30,5,5,0.744186,2.11328,1.34375e-07,1.40625e-07],
[4,30,10,9,0.681818,1.54795,1.375e-07,1.40104e-07],
[4,30,20,16,0.744186,1.22672,1.34375e-07,1.39286e-07],
[4,30,50,25,0.744186,1.05664,1.34375e-07,1.38672e-07],
[4,30,100,31,0.711111,0.990451,1.40625e-07,1.38889e-07],
[4,30,200,31,0.711111,0.990451,1.40625e-07,1.39063e-07],
[4,30,500,31,0.711111,0.990451,1.40625e-07,1.39205e-07],
[4,30,1000,31,0.75,0.990451,1.375e-07,1.39063e-07],
[4,30,30,20,0.673913,1.13535,1.4375e-07,1.39423e-07],
[5,30,1,1,0.808511,inf,1.46875e-07,1.46875e-07],
[5,30,2,2,0.767442,4.90689,1.34375e-07,1.40625e-07],
[5,30,3,3,0.666667,3.0959,1.40625e-07,1.40625e-07],
[5,30,4,3,0.704545,3.0959,1.375e-07,1.39844e-07],
[5,30,5,5,0.727273,2.11328,1.375e-07,1.39375e-07],
[5,30,10,8,0.695652,1.63563,1.4375e-07,1.40104e-07],
[5,30,20,16,0.592593,1.22672,1.6875e-07,1.44196e-07],
[5,30,50,20,0.644444,1.13535,1.40625e-07,1.4375e-07],
[5,30,100,30,0.704545,1,1.375e-07,1.43056e-07],
[5,30,200,31,0.581818,0.990451,1.71875e-07,1.45937e-07],
[5,30,500,31,0.717391,0.990451,1.4375e-07,1.45739e-07],
[5,30,1000,31,0.596154,0.990451,1.625e-07,1.47135e-07],
[5,30,30,20,0.704545,1.13535,1.375e-07,1.46394e-07],
[6,30,1,1,0.716981,inf,1.65625e-07,1.65625e-07],
[6,30,2,2,0.695652,4.90689,1.4375e-07,1.54688e-07],
[6,30,3,3,0.638298,3.0959,1.46875e-07,1.52083e-07],
[6,30,4,4,0.666667,2.45345,1.5e-07,1.51563e-07],
[6,30,5,5,0.697674,2.11328,1.34375e-07,1.48125e-07],
[6,30,10,8,0.857143,1.63563,1.3125e-07,1.45313e-07],
[6,30,20,15,0.836735,1.25596,1.53125e-07,1.46429e-07],
[6,30,50,24,0.704545,1.07021,1.375e-07,1.45312e-07],
[6,30,100,30,0.738095,1,1.3125e-07,1.4375e-07],
[6,30,200,31,0.813953,0.990451,1.34375e-07,1.42813e-07],
[6,30,500,31,0.761905,0.990451,1.3125e-07,1.41761e-07],
[6,30,1000,31,0.666667,0.990451,1.59375e-07,1.43229e-07],
[6,30,30,20,0.704545,1.13535,1.375e-07,1.42788e-07],
[7,30,1,1,0.681818,inf,3.4375e-07,3.4375e-07],
[7,30,2,2,0.64,4.90689,1.5625e-07,2.5e-07],
[7,30,3,3,0.711111,3.0959,1.40625e-07,2.13542e-07],
[7,30,4,4,0.727273,2.45345,1.375e-07,1.94531e-07],
[7,30,5,5,0.727273,2.11328,1.375e-07,1.83125e-07],
[7,30,10,8,0.772727,1.63563,1.375e-07,1.75521e-07],
[7,30,20,14,0.711111,1.28879,1.40625e-07,1.70536e-07],
[7,30,50,26,0.744186,1.04392,1.34375e-07,1.66016e-07],
[7,30,100,30,0.767442,1,1.34375e-07,1.625e-07],
[7,30,200,31,0.755556,0.990451,1.40625e-07,1.60313e-07],
[7,30,500,31,0.772727,0.990451,1.375e-07,1.58239e-07],
[7,30,1000,31,0.711111,0.990451,1.40625e-07,1.56771e-07],
[7,30,30,18,0.704545,1.17673,1.375e-07,1.55288e-07],
[8,30,1,1,0.869565,inf,1.4375e-07,1.4375e-07],
[8,30,2,2,0.72093,4.90689,1.34375e-07,1.39062e-07],
[8,30,3,3,0.690476,3.0959,1.3125e-07,1.36458e-07],
[8,30,4,4,0.651163,2.45345,1.34375e-07,1.35937e-07],
[8,30,5,5,0.659091,2.11328,1.375e-07,1.3625e-07],
[8,30,10,7,0.790698,1.74787,1.34375e-07,1.35937e-07],
[8,30,20,12,0.785714,1.36874,1.3125e-07,1.35268e-07],
[8,30,50,28,0.744186,1.0207,1.34375e-07,1.35156e-07],
[8,30,100,31,0.72093,0.990451,1.34375e-07,1.35069e-07],
[8,30,200,31,0.714286,0.990451,1.3125e-07,1.34688e-07],
[8,30,500,31,0.72093,0.990451,1.34375e-07,1.34659e-07],
[8,30,1000,31,0.785714,0.990451,1.3125e-07,1.34375e-07],
[8,30,30,21,0.674419,1.11715,1.34375e-07,1.34375e-07],
[9,30,1,1,0.6,inf,1.5625e-07,1.5625e-07],
[9,30,2,2,0.619048,4.90689,1.3125e-07,1.4375e-07],
[9,30,3,3,0.571429,3.0959,1.3125e-07,1.39583e-07],
[9,30,4,4,0.955556,2.45345,1.40625e-07,1.39844e-07],
[9,30,5,5,0.651163,2.11328,1.34375e-07,1.3875e-07],
[9,30,10,10,0.666667,1.47712,1.40625e-07,1.39063e-07],
[9,30,20,15,0.674419,1.25596,1.34375e-07,1.38393e-07],
[9,30,50,28,0.692308,1.0207,1.21875e-07,1.36328e-07],
[9,30,100,30,0.658537,1,1.28125e-07,1.35417e-07],
[9,30,200,31,0.658537,0.990451,1.28125e-07,1.34687e-07],
[9,30,500,31,0.714286,0.990451,1.3125e-07,1.34375e-07],
[9,30,1000,31,0.642857,0.990451,1.3125e-07,1.34115e-07],
[9,30,30,21,0.680851,1.11715,1.46875e-07,1.35096e-07],
[10,30,1,1,0.729167,inf,1.5e-07,1.5e-07],
[10,30,2,2,0.72093,4.90689,1.34375e-07,1.42188e-07],
[10,30,3,3,0.711111,3.0959,1.40625e-07,1.41667e-07],
[10,30,4,4,0.738095,2.45345,1.3125e-07,1.39063e-07],
[10,30,5,4,0.727273,2.45345,1.375e-07,1.3875e-07],
[10,30,10,9,0.780488,1.54795,1.28125e-07,1.36979e-07],
[10,30,20,17,0.727273,1.20047,1.375e-07,1.37054e-07],
[10,30,50,24,0.651163,1.07021,1.34375e-07,1.36719e-07],
[10,30,100,29,0.738095,1.01007,1.3125e-07,1.36111e-07],
[10,30,200,31,0.761905,0.990451,1.3125e-07,1.35625e-07],
[10,30,500,31,0.725,0.990451,1.25e-07,1.34659e-07],
[10,30,1000,31,0.789474,0.990451,1.1875e-07,1.33333e-07],
[10,30,30,22,0.769231,1.10034,1.21875e-07,1.32452e-07],
[11,30,1,1,0.729167,inf,1.5e-07,1.5e-07],
[11,30,2,2,0.590909,4.90689,1.375e-07,1.4375e-07],
[11,30,3,3,0.674419,3.0959,1.34375e-07,1.40625e-07],
[11,30,4,4,0.697674,2.45345,1.34375e-07,1.39062e-07],
[11,30,5,4,0.714286,2.45345,1.3125e-07,1.375e-07],
[11,30,10,8,0.731707,1.63563,1.28125e-07,1.35937e-07],
[11,30,20,17,0.644444,1.20047,1.40625e-07,1.36607e-07],
[11,30,50,27,0.638298,1.03197,1.46875e-07,1.37891e-07],
[11,30,100,31,0.744186,0.990451,1.34375e-07,1.375e-07],
[11,30,200,31,0.72093,0.990451,1.34375e-07,1.37188e-07],
[11,30,500,31,0.674419,0.990451,1.34375e-07,1.36932e-07],
[11,30,1000,31,0.697674,0.990451,1.34375e-07,1.36719e-07],
[11,30,30,17,0.738095,1.20047,1.3125e-07,1.36298e-07],
[0,300,1,1,2.86328,inf,8e-07,8e-07],
[0,300,2,2,3.80255,8.22882,4.90625e-07,6.45313e-07],
[0,300,3,3,1.59309,5.19181,1.175e-06,8.21875e-07],
[0,300,4,4,1.73824,4.11441,1.0625e-06,8.82031e-07],
[0,300,5,5,1.60753,3.54396,1.1625e-06,9.38125e-07],
[0,300,10,10,1.38407,2.47712,1.33438e-06,1.00417e-06],
[0,300,20,19,1.07581,1.93714,1.73125e-06,1.10804e-06],
[0,300,50,46,0.991722,1.48977,1.8875e-06,1.20547e-06],
[0,300,100,83,0.959438,1.29079,2.00312e-06,1.2941e-06],
[0,300,200,149,1.01387,1.13986,2.02813e-06,1.3675e-06],
[0,300,500,247,0.948485,1.03528,2.0625e-06,1.43068e-06],
[0,300,1000,292,0.974937,1.00476,2.49375e-06,1.51927e-06],
[0,300,300,191,0.928793,1.08596,2.01875e-06,1.55769e-06],
[1,300,1,1,6.25664,inf,3.53125e-07,3.53125e-07],
[1,300,2,2,6.8427,8.22882,2.78125e-07,3.15625e-07],
[1,300,3,3,1.97581,5.19181,1.1625e-06,5.97917e-07],
[1,300,4,4,1.61478,4.11441,1.18437e-06,7.44531e-07],
[1,300,5,5,1.8429,3.54396,1.03438e-06,8.025e-07],
[1,300,10,10,1.40319,2.47712,1.37188e-06,8.97396e-07],
[1,300,20,19,1.12707,1.93714,1.69688e-06,1.01161e-06],
[1,300,50,49,1.02876,1.46558,1.84688e-06,1.11602e-06],
[1,300,100,91,1.02427,1.26446,1.93125e-06,1.2066e-06],
[1,300,200,145,1.00312,1.14609,2.00312e-06,1.28625e-06],
[1,300,500,246,1.02135,1.03605,1.90313e-06,1.34233e-06],
[1,300,1000,293,1.01958,1.00416,1.91562e-06,1.3901e-06],
[1,300,300,195,1.05603,1.0817,1.84063e-06,1.42476e-06],
[2,300,1,1,2.76628,inf,8.15625e-07,8.15625e-07],
[2,300,2,2,2.28417,8.22882,8.6875e-07,8.42188e-07],
[2,300,3,3,1.90881,5.19181,9.9375e-07,8.92708e-07],
[2,300,4,4,1.82578,4.11441,1.30938e-06,9.96875e-07],
[2,300,5,5,1.60526,3.54396,1.1875e-06,1.035e-06],
[2,300,10,10,1.54074,2.47712,1.26563e-06,1.07344e-06],
[2,300,20,20,1.12921,1.90397,1.66875e-06,1.15848e-06],
[2,300,50,46,1,1.48977,1.89063e-06,1.25e-06],
[2,300,100,88,1.00831,1.27392,1.88125e-06,1.32014e-06],
[2,300,200,145,0.991776,1.14609,1.9e-06,1.37813e-06],
[2,300,500,242,0.983923,1.03914,1.94375e-06,1.42955e-06],
[2,300,1000,293,0.9744,1.00416,1.95313e-06,1.47318e-06],
[2,300,300,197,1.00165,1.07961,1.89375e-06,1.50553e-06],
[3,300,1,1,3.27778,inf,6.75e-07,6.75e-07],
[3,300,2,2,2.20364,8.22882,8.59375e-07,7.67188e-07],
[3,300,3,3,1.98689,5.19181,9.53125e-07,8.29167e-07],
[3,300,4,4,1.80952,4.11441,1.05e-06,8.84375e-07],
[3,300,5,5,1.58115,3.54396,1.19375e-06,9.4625e-07],
[3,300,10,10,1.40639,2.47712,1.36875e-06,1.01667e-06],
[3,300,20,20,1.09643,1.90397,1.75e-06,1.12143e-06],
[3,300,50,47,1.02167,1.48145,1.875e-06,1.21563e-06],
[3,300,100,91,1.02671,1.26446,1.87188e-06,1.28854e-06],
[3,300,200,140,0.998734,1.15423,2.46875e-06,1.40656e-06],
[3,300,500,242,0.94,1.03914,2.1875e-06,1.47756e-06],
[3,300,1000,291,1.01541,1.00537,2.02813e-06,1.52344e-06],
[3,300,300,198,0.616873,1.07857,4.0375e-06,1.71683e-06],
[4,300,1,1,3.04149,inf,7.53125e-07,7.53125e-07],
[4,300,2,2,2.575,8.22882,7.5e-07,7.51563e-07],
[4,300,3,3,1.72829,5.19181,1.11563e-06,8.72917e-07],
[4,300,4,4,1.41485,4.11441,1.43125e-06,1.0125e-06],
[4,300,5,5,1.48946,3.54396,1.33438e-06,1.07688e-06],
[4,300,10,10,1.14912,2.47712,1.78125e-06,1.19427e-06],
[4,300,20,18,0.99679,1.97337,1.94688e-06,1.30179e-06],
[4,300,50,44,1.09037,1.50727,2.10938e-06,1.40273e-06],
[4,300,100,82,0.955975,1.29434,1.9875e-06,1.46771e-06],
[4,300,200,143,0.921013,1.1493,2.09688e-06,1.53063e-06],
[4,300,500,233,0.924925,1.04637,2.08125e-06,1.58068e-06],
[4,300,1000,292,0.924925,1.00476,2.08125e-06,1.6224e-06],
[4,300,300,184,0.94453,1.09374,2.02813e-06,1.65361e-06],
[5,300,1,1,2.62214,inf,8.1875e-07,8.1875e-07],
[5,300,2,2,2.6758,8.22882,6.84375e-07,7.51563e-07],
[5,300,3,3,2.18495,5.19181,9.96875e-07,8.33333e-07],
[5,300,4,4,1.61264,4.11441,1.1375e-06,9.09375e-07],
[5,300,5,5,1.59615,3.54396,1.1375e-06,9.55e-07],
[5,300,10,10,1.08349,2.47712,1.68438e-06,1.07656e-06],
[5,300,20,20,1.01582,1.90397,1.77813e-06,1.17679e-06],
[5,300,50,47,0.904173,1.48145,2.02188e-06,1.28242e-06],
[5,300,100,84,0.918495,1.2873,1.99375e-06,1.36146e-06],
[5,300,200,144,0.932283,1.14769,1.98437e-06,1.42375e-06],
[5,300,500,237,0.915888,1.04311,2.00625e-06,1.4767e-06],
[5,300,1000,296,0.921053,1.00236,2.01875e-06,1.52188e-06],
[5,300,300,183,0.922713,1.09488,1.98125e-06,1.55721e-06],
[6,300,1,1,3.94444,inf,5.625e-07,5.625e-07],
[6,300,2,2,2.48852,8.22882,9.53125e-07,7.57812e-07],
[6,300,3,3,2.94397,5.19181,7.25e-07,7.46875e-07],
[6,300,4,4,1.96636,4.11441,1.02188e-06,8.15625e-07],
[6,300,5,5,1.8972,3.54396,1.00313e-06,8.53125e-07],
[6,300,10,10,1.65526,2.47712,1.1875e-06,9.08854e-07],
[6,300,20,19,1.12614,1.93714,1.70938e-06,1.02321e-06],
[6,300,50,44,1.09517,1.50727,2.13438e-06,1.16211e-06],
[6,300,100,85,1.05517,1.28387,1.8125e-06,1.23438e-06],
[6,300,200,150,1.08666,1.13834,1.80313e-06,1.29125e-06],
[6,300,500,248,1.04259,1.03453,1.83438e-06,1.34063e-06],
[6,300,1000,285,1.05299,1.00907,1.82813e-06,1.38125e-06],
[6,300,300,195,1.05903,1.0817,1.8e-06,1.41346e-06],
[7,300,1,1,3.7027,inf,5.78125e-07,5.78125e-07],
[7,300,2,2,1.77812,8.22882,1.02813e-06,8.03125e-07],
[7,300,3,3,1.88103,5.19181,9.71875e-07,8.59375e-07],
[7,300,4,4,1.68497,4.11441,1.08125e-06,9.14844e-07],
[7,300,5,5,1.58743,3.54396,1.14375e-06,9.60625e-07],
[7,300,10,10,1.26522,2.47712,1.4375e-06,1.0401e-06],
[7,300,20,19,1.01038,1.93714,1.80625e-06,1.14955e-06],
[7,300,50,43,1.01228,1.51648,1.78125e-06,1.22852e-06],
[7,300,100,83,1.03757,1.29079,1.74688e-06,1.28611e-06],
[7,300,200,145,0.968333,1.14609,1.875e-06,1.345e-06],
[7,300,500,252,0.960526,1.03153,1.9e-06,1.39545e-06],
[7,300,1000,292,0.970149,1.00476,1.88438e-06,1.4362e-06],
[7,300,300,194,0.97479,1.08275,1.85938e-06,1.46875e-06],
[8,300,1,1,2.92996,inf,8.03125e-07,8.03125e-07],
[8,300,2,2,2.91111,8.22882,7.03125e-07,7.53125e-07],
[8,300,3,3,1.8284,5.19181,1.05625e-06,8.54167e-07],
[8,300,4,4,1.43692,4.11441,1.3375e-06,9.75e-07],
[8,300,5,5,2.13841,3.54396,9.03125e-07,9.60625e-07],
[8,300,10,10,1.38546,2.47712,1.41875e-06,1.03698e-06],
[8,300,20,20,1.24341,1.90397,1.54063e-06,1.10893e-06],
[8,300,50,47,1.00976,1.48145,1.92188e-06,1.21055e-06],
[8,300,100,84,1.03,1.2873,1.875e-06,1.28437e-06],
[8,300,200,146,0.995223,1.14451,1.9625e-06,1.35219e-06],
[8,300,500,244,1.02329,1.03759,2.0125e-06,1.41222e-06],
[8,300,1000,289,1.00958,1.00659,1.95625e-06,1.45755e-06],
[8,300,300,193,0.976261,1.08381,2.10625e-06,1.50745e-06],
[9,300,1,1,2.60797,inf,9.40625e-07,9.40625e-07],
[9,300,2,2,2.80508,8.22882,7.375e-07,8.39063e-07],
[9,300,3,3,2.00305,5.19181,1.025e-06,9.01042e-07],
[9,300,4,4,2.17105,4.11441,9.5e-07,9.13281e-07],
[9,300,5,5,1.41756,3.54396,1.45938e-06,1.0225e-06],
[9,300,10,10,1.11429,2.47712,1.85938e-06,1.16198e-06],
[9,300,20,18,1.09367,1.97337,2.36875e-06,1.33438e-06],
[9,300,50,48,0.995522,1.47339,2.09375e-06,1.4293e-06],
[9,300,100,87,1.00608,1.27718,2.05625e-06,1.49896e-06],
[9,300,200,151,0.94809,1.13683,3.19063e-06,1.66813e-06],
[9,300,500,237,1,1.04311,2.14375e-06,1.71136e-06],
[9,300,1000,294,1,1.00355,2.15937e-06,1.7487e-06],
[9,300,300,187,0.980938,1.09036,2.13125e-06,1.77813e-06],
[10,300,1,1,2.4,inf,9.84375e-07,9.84375e-07],
[10,300,2,2,2,8.22882,1.00313e-06,9.9375e-07],
[10,300,3,3,1.51756,5.19181,1.33438e-06,1.10729e-06],
[10,300,4,4,1.72922,4.11441,1.16563e-06,1.12188e-06],
[10,300,5,5,1.69761,3.54396,1.17813e-06,1.13313e-06],
[10,300,10,10,1.125,2.47712,1.8e-06,1.24427e-06],
[10,300,20,20,1.08784,1.90397,1.85e-06,1.3308e-06],
[10,300,50,43,0.964444,1.51648,2.10938e-06,1.42813e-06],
[10,300,100,89,0.918455,1.27072,2.18438e-06,1.51215e-06],
[10,300,200,150,0.909091,1.13834,2.2e-06,1.58094e-06],
[10,300,500,250,0.937053,1.03302,2.18438e-06,1.6358e-06],
[10,300,1000,294,0.9299,1.00355,2.18438e-06,1.68151e-06],
[10,300,300,187,0.959951,1.09036,2.575e-06,1.75024e-06],
[11,300,1,1,2.37624,inf,9.46875e-07,9.46875e-07],
[11,300,2,2,2.68559,8.22882,7.15625e-07,8.3125e-07],
[11,300,3,3,1.87117,5.19181,1.01875e-06,8.9375e-07],
[11,300,4,4,1.51538,4.11441,1.21875e-06,9.75e-07],
[11,300,5,5,1.85489,3.54396,9.90625e-07,9.78125e-07],
[11,300,10,10,1.17694,2.47712,1.57188e-06,1.07708e-06],
[11,300,20,20,1.06727,1.90397,1.71875e-06,1.16875e-06],
[11,300,50,47,0.976898,1.48145,1.89375e-06,1.25938e-06],
[11,300,100,83,0.94847,1.29079,1.94063e-06,1.33507e-06],
[11,300,200,137,0.870317,1.15931,2.16875e-06,1.41844e-06],
[11,300,500,235,0.946032,1.04473,1.96875e-06,1.46847e-06],
[11,300,1000,288,0.9536,1.00721,1.95313e-06,1.50885e-06],
[11,300,300,185,0.945073,1.0926,1.93438e-06,1.54159e-06],
[0,3000,1,1,4.80012,inf,2.12938e-05,2.12938e-05],
[0,3000,2,2,5.28063,11.5507,1.8775e-05,2.00344e-05],
[0,3000,3,3,10.1801,7.28771,9.40625e-06,1.64917e-05],
[0,3000,4,4,2.63411,5.77537,3.58375e-05,2.13281e-05],
[0,3000,5,5,2.68835,4.97464,3.37313e-05,2.38088e-05],
[0,3000,10,10,2.23694,3.47712,4.48688e-05,2.73188e-05],
[0,3000,20,20,1.92614,2.67259,5.11938e-05,3.07295e-05],
[0,3000,50,49,1.52523,2.05723,6.37938e-05,3.48625e-05],
[0,3000,100,100,1.30787,1.73856,7.73875e-05,3.95875e-05],
[0,3000,200,196,1.17743,1.5169,8.61938e-05,4.42481e-05],
[0,3000,500,466,1.08698,1.30308,9.22625e-05,4.86131e-05],
[0,3000,1000,848,1.09012,1.18738,9.15437e-05,5.21906e-05],
[0,3000,3000,1880,1.10702,1.06199,9.3325e-05,5.53548e-05],
[1,3000,1,1,5.5,inf,1.80625e-05,1.80625e-05],
[1,3000,2,2,4.43805,11.5507,2.12875e-05,1.9675e-05],
[1,3000,3,3,3.3371,7.28771,2.70688e-05,2.21396e-05],
[1,3000,4,4,2.81737,5.77537,3.20313e-05,2.46125e-05],
[1,3000,5,5,2.53336,4.97464,3.57875e-05,2.68475e-05],
[1,3000,10,10,2.281,3.47712,4.37938e-05,2.96719e-05],
[1,3000,20,20,1.87015,2.67259,5.2225e-05,3.28938e-05],
[1,3000,50,49,1.48494,2.05723,6.45438e-05,3.685e-05],
[1,3000,100,96,1.31108,1.75411,7.88375e-05,4.15153e-05],
[1,3000,200,193,1.20007,1.52135,8.39063e-05,4.57544e-05],
[1,3000,500,458,1.12894,1.30676,8.91438e-05,4.96989e-05],
[1,3000,1000,853,1.10046,1.18635,9.00813e-05,5.30641e-05],
[1,3000,3000,1886,1.09818,1.06154,9.43375e-05,5.62389e-05],
[2,3000,1,1,6.17378,inf,1.6975e-05,1.6975e-05],
[2,3000,2,2,4.96835,11.5507,2.17188e-05,1.93469e-05],
[2,3000,3,3,4.38893,7.28771,2.31563e-05,2.06167e-05],
[2,3000,4,4,2.72457,5.77537,3.49e-05,2.41875e-05],
[2,3000,5,5,3.08029,4.97464,3.02813e-05,2.54063e-05],
[2,3000,10,10,2.328,3.47712,4.02438e-05,2.78792e-05],
[2,3000,20,20,1.89822,2.67259,5.31188e-05,3.14848e-05],
[2,3000,50,50,1.52227,2.04661,6.4825e-05,3.56523e-05],
[2,3000,100,99,1.31468,1.74236,7.6725e-05,4.0216e-05],
[2,3000,200,198,1.13592,1.51399,8.59438e-05,4.47888e-05],
[2,3000,500,465,1.08861,1.30354,8.98563e-05,4.88858e-05],
[2,3000,1000,849,1.11161,1.18717,9.36875e-05,5.26193e-05],
[2,3000,3000,1903,1.11575,1.06028,9.4225e-05,5.58197e-05],
[3,3000,1,1,7.61,inf,1.375e-05,1.375e-05],
[3,3000,2,2,3.44363,11.5507,2.89375e-05,2.13438e-05],
[3,3000,3,3,3.70894,7.28771,2.48875e-05,2.2525e-05],
[3,3000,4,4,3.08282,5.77537,2.95813e-05,2.42891e-05],
[3,3000,5,5,2.66321,4.97464,3.37188e-05,2.6175e-05],
[3,3000,10,10,2.32528,3.47712,3.93313e-05,2.83677e-05],
[3,3000,20,20,1.85665,2.67259,4.905e-05,3.13223e-05],
[3,3000,50,50,1.45078,2.04661,6.85063e-05,3.59703e-05],
[3,3000,100,97,1.30127,1.75014,7.84813e-05,4.06938e-05],
[3,3000,200,191,1.18045,1.52436,8.40625e-05,4.50306e-05],
[3,3000,500,459,1.11827,1.3063,9.22125e-05,4.93199e-05],
[3,3000,1000,859,1.09511,1.18512,9.06188e-05,5.27615e-05],
[3,3000,3000,1890,1.07335,1.06124,9.16813e-05,5.57553e-05],
[4,3000,1,1,4.94165,inf,2.17437e-05,2.17437e-05],
[4,3000,2,2,4.40022,11.5507,2.27063e-05,2.2225e-05],
[4,3000,3,3,4.47823,7.28771,2.0675e-05,2.17083e-05],
[4,3000,4,4,3.18076,5.77537,2.90438e-05,2.35422e-05],
[4,3000,5,5,3.03944,4.97464,3.0425e-05,2.49187e-05],
[4,3000,10,10,2.34539,3.47712,3.905e-05,2.7274e-05],
[4,3000,20,19,1.81505,2.71915,5.05875e-05,3.06045e-05],
[4,3000,50,49,1.44284,2.05723,6.36937e-05,3.47406e-05],
[4,3000,100,100,1.32917,1.73856,7.80375e-05,3.95514e-05],
[4,3000,200,196,1.19647,1.5169,8.47438e-05,4.40706e-05],
[4,3000,500,466,1.13624,1.30308,8.93625e-05,4.81881e-05],
[4,3000,1000,847,1.14861,1.18759,9.23563e-05,5.18688e-05],
[4,3000,3000,1881,1.12553,1.06191,9.36063e-05,5.50793e-05],
[5,3000,1,1,5.09504,inf,2.10437e-05,2.10437e-05],
[5,3000,2,2,4.01487,11.5507,2.48062e-05,2.2925e-05],
[5,3000,3,3,3.53598,7.28771,2.6575e-05,2.41417e-05],
[5,3000,4,4,3.31319,5.77537,2.77188e-05,2.50359e-05],
[5,3000,5,5,3.39913,4.97464,2.7325e-05,2.54938e-05],
[5,3000,10,10,2.20003,3.47712,4.55875e-05,2.88427e-05],
[5,3000,20,20,1.94026,2.67259,5.03187e-05,3.19107e-05],
[5,3000,50,49,1.52604,2.05723,6.49188e-05,3.60367e-05],
[5,3000,100,98,1.23912,1.74622,8.05563e-05,4.09833e-05],
[5,3000,200,195,1.19816,1.51837,8.55063e-05,4.54356e-05],
[5,3000,500,449,1.09893,1.31101,9.12875e-05,4.9604e-05],
[5,3000,1000,838,1.08675,1.18947,9.3225e-05,5.32391e-05],
[5,3000,3000,1913,1.0789,1.05954,9.47375e-05,5.64312e-05],
[6,3000,1,1,6.11128,inf,1.69063e-05,1.69063e-05],
[6,3000,2,2,3.74291,11.5507,2.555e-05,2.12281e-05],
[6,3000,3,3,3.2552,7.28771,2.82375e-05,2.35646e-05],
[6,3000,4,4,3.41176,5.77537,2.72e-05,2.44734e-05],
[6,3000,5,5,2.79591,4.97464,3.23688e-05,2.60525e-05],
[6,3000,10,10,2.24903,3.47712,4.02812e-05,2.8424e-05],
[6,3000,20,20,1.71345,2.67259,5.25875e-05,3.18759e-05],
[6,3000,50,49,1.42034,2.05723,6.39062e-05,3.58797e-05],
[6,3000,100,100,1.24311,1.73856,8.02375e-05,4.08083e-05],
[6,3000,200,191,1.16996,1.52436,8.34e-05,4.50675e-05],
[6,3000,500,460,1.0804,1.30583,8.97125e-05,4.91261e-05],
[6,3000,1000,829,1.10835,1.19138,9.20625e-05,5.27042e-05],
[6,3000,3000,1878,1.07784,1.06214,9.3625e-05,5.58519e-05],
[7,3000,1,1,5.13657,inf,2.01813e-05,2.01813e-05],
[7,3000,2,2,3.83697,11.5507,2.51875e-05,2.26844e-05],
[7,3000,3,3,3.43667,7.28771,2.66938e-05,2.40208e-05],
[7,3000,4,4,3.7731,5.77537,2.42125e-05,2.40687e-05],
[7,3000,5,5,3.60676,4.97464,2.5525e-05,2.436e-05],
[7,3000,10,10,2.10319,3.47712,4.67563e-05,2.80927e-05],
[7,3000,20,20,1.79802,2.67259,5.30063e-05,3.16518e-05],
[7,3000,50,50,1.46386,2.04661,6.5025e-05,3.58234e-05],
[7,3000,100,97,1.27675,1.75014,7.30125e-05,3.99556e-05],
[7,3000,200,191,1.17222,1.52436,8.04563e-05,4.40056e-05],
[7,3000,500,465,1.07144,1.30354,9.46563e-05,4.86102e-05],
[7,3000,1000,855,1.07506,1.18594,9.28438e-05,5.22964e-05],
[7,3000,3000,1888,1.04343,1.06139,9.75688e-05,5.57788e-05],
[8,3000,1,1,5.54068,inf,1.84375e-05,1.84375e-05],
[8,3000,2,2,4.31505,11.5507,2.23375e-05,2.03875e-05],
[8,3000,3,3,3.77941,7.28771,2.55563e-05,2.21104e-05],
[8,3000,4,4,3.85728,5.77537,2.61875e-05,2.31297e-05],
[8,3000,5,5,3.04517,4.97464,3.11313e-05,2.473e-05],
[8,3000,10,10,2.18086,3.47712,4.285e-05,2.775e-05],
[8,3000,20,20,1.80526,2.67259,5.34688e-05,3.14241e-05],
[8,3000,50,50,1.46712,2.04661,6.91875e-05,3.61445e-05],
[8,3000,100,98,1.3196,1.74622,7.58375e-05,4.05549e-05],
[8,3000,200,193,1.17232,1.52135,8.53813e-05,4.50375e-05],
[8,3000,500,457,1.08158,1.30723,9.745e-05,4.98023e-05],
[8,3000,1000,842,1.10127,1.18863,9.91125e-05,5.39115e-05],
[8,3000,3000,1890,1.04479,1.06124,0.000107313,5.80192e-05],
[9,3000,1,1,5.75139,inf,1.91313e-05,1.91313e-05],
[9,3000,2,2,5.45205,11.5507,1.955e-05,1.93406e-05],
[9,3000,3,3,3.96657,7.28771,2.48688e-05,2.11833e-05],
[9,3000,4,4,2.84962,5.77537,3.40813e-05,2.44078e-05],
[9,3000,5,5,2.32681,4.97464,4.15375e-05,2.78337e-05],
[9,3000,10,10,2.26741,3.47712,4.38937e-05,3.05104e-05],
[9,3000,20,20,1.79882,2.67259,6.04875e-05,3.47929e-05],
[9,3000,50,50,1.47019,2.04661,6.98125e-05,3.91703e-05],
[9,3000,100,98,1.28929,1.74622,7.905e-05,4.36014e-05],
[9,3000,200,196,1.17312,1.5169,9.31813e-05,4.85594e-05],
[9,3000,500,465,1.09427,1.30354,9.8125e-05,5.30653e-05],
[9,3000,1000,858,1.05202,1.18532,0.000108369,5.7674e-05],
[9,3000,3000,1891,1.09633,1.06117,0.000104456,6.12726e-05],
[10,3000,1,1,5.50381,inf,2.04812e-05,2.04812e-05],
[10,3000,2,2,4.97992,11.5507,2.1475e-05,2.09781e-05],
[10,3000,3,3,4.57912,7.28771,2.29875e-05,2.16479e-05],
[10,3000,4,4,3.27856,5.77537,3.32063e-05,2.45375e-05],
[10,3000,5,5,2.53723,4.97464,3.995e-05,2.762e-05],
[10,3000,10,10,2.38436,3.47712,4.55625e-05,3.06104e-05],
[10,3000,20,20,1.77494,2.67259,5.60125e-05,3.42393e-05],
[10,3000,50,50,1.53764,2.04661,6.92375e-05,3.86141e-05],
[10,3000,100,97,1.25806,1.75014,8.18375e-05,4.34167e-05],
[10,3000,200,192,1.15955,1.52285,8.60625e-05,4.76813e-05],
[10,3000,500,458,1.09705,1.30676,9.37688e-05,5.1871e-05],
[10,3000,1000,840,1.02971,1.18905,0.000103938,5.62099e-05],
[10,3000,3000,1885,1.07659,1.06162,9.66938e-05,5.9324e-05],
[11,3000,1,1,4.93926,inf,2.08875e-05,2.08875e-05],
[11,3000,2,2,3.43175,11.5507,2.78375e-05,2.43625e-05],
[11,3000,3,3,3.06628,7.28771,3.13062e-05,2.66771e-05],
[11,3000,4,4,3.27053,5.77537,3.20438e-05,2.80188e-05],
[11,3000,5,5,2.85474,4.97464,3.5325e-05,2.948e-05],
[11,3000,10,10,2.23687,3.47712,4.2825e-05,3.17042e-05],
[11,3000,20,20,1.87879,2.67259,5.6925e-05,3.53071e-05],
[11,3000,50,50,1.52819,2.04661,6.50812e-05,3.90289e-05],
[11,3000,100,100,1.31592,1.73856,7.69375e-05,4.3241e-05],
[11,3000,200,198,1.13973,1.51399,8.81625e-05,4.77331e-05],
[11,3000,500,468,1.08279,1.30217,0.000102438,5.27063e-05],
[11,3000,1000,866,1.07354,1.18369,0.000103769,5.69615e-05],
[11,3000,3000,1916,1.07957,1.05932,9.88938e-05,6.0187e-05],
[0,30000,1,1,6.8113,inf,0.000228538,0.000228538],
[0,30000,2,2,6.80825,14.8727,0.000229013,0.000228775],
[0,30000,3,3,5.17481,9.38361,0.000297538,0.000251696],
[0,30000,4,4,4.4542,7.43634,0.00035205,0.000276784],
[0,30000,5,5,3.45305,6.40531,0.000445813,0.00031059],
[0,30000,10,10,3.13073,4.47712,0.0004999,0.000342142],
[0,30000,20,20,2.53789,3.44121,0.000608462,0.000380187],
[0,30000,50,50,2.03159,2.6352,0.000743013,0.000425541],
[0,30000,100,100,1.76461,2.23856,0.0008445,0.000472092],
[0,30000,200,200,1.57557,1.9457,0.000941413,0.000519024],
[0,30000,500,496,1.31086,1.66097,0.00112181,0.000573823],
[0,30000,1000,981,1.25674,1.49653,0.0012013,0.000626112],
[0,30000,30000,19027,1.06417,1.04621,0.00145334,0.000689745],
[1,30000,1,1,5.95896,inf,0.000257088,0.000257088],
[1,30000,2,2,5.30434,14.8727,0.000281712,0.0002694],
[1,30000,3,3,5.76946,9.38361,0.000252338,0.000263713],
[1,30000,4,4,4.87151,7.43634,0.000304487,0.000273906],
[1,30000,5,5,4.23687,6.40531,0.000349088,0.000288942],
[1,30000,10,10,3.14604,4.47712,0.0004717,0.000319402],
[1,30000,20,20,2.51064,3.44121,0.000638825,0.000365034],
[1,30000,50,50,2.08206,2.6352,0.000745625,0.000412608],
[1,30000,100,100,1.86635,2.23856,0.00080865,0.000456613],
[1,30000,200,199,1.63349,1.94755,0.00088315,0.000499266],
[1,30000,500,495,1.35881,1.66151,0.00106236,0.000550457],
[1,30000,1000,983,1.2521,1.49609,0.00116635,0.000601781],
[1,30000,30000,18963,1.08075,1.04657,0.00139454,0.000662762],
[2,30000,1,1,6.2448,inf,0.000239688,0.000239688],
[2,30000,2,2,4.22855,14.8727,0.000351288,0.000295488],
[2,30000,3,3,3.99483,9.38361,0.000363,0.000317992],
[2,30000,4,4,5.11714,7.43634,0.000282038,0.000309003],
[2,30000,5,5,3.55188,6.40531,0.000411325,0.000329468],
[2,30000,10,10,3.23806,4.47712,0.00047525,0.000353765],
[2,30000,20,20,2.62948,3.44121,0.00057365,0.000385177],
[2,30000,50,50,2.08301,2.6352,0.000760737,0.000432122],
[2,30000,100,100,1.84936,2.23856,0.0008507,0.000478631],
[2,30000,200,199,1.58909,1.94755,0.000973225,0.00052809],
[2,30000,500,498,1.37636,1.6599,0.00105996,0.000576442],
[2,30000,1000,977,1.26381,1.49742,0.00115374,0.00062455],
[2,30000,30000,18913,1.07424,1.04685,0.00141381,0.000685263],
[3,30000,1,1,8.2442,inf,0.000183763,0.000183763],
[3,30000,2,2,5.36701,14.8727,0.000286713,0.000235238],
[3,30000,3,3,4.44642,9.38361,0.0003413,0.000270592],
[3,30000,4,4,4.441,7.43634,0.000333875,0.000286413],
[3,30000,5,5,3.51533,6.40531,0.000434163,0.000315962],
[3,30000,10,10,3.1325,4.47712,0.000485488,0.000344217],
[3,30000,20,20,2.64812,3.44121,0.000565213,0.000375787],
[3,30000,50,50,2.13946,2.6352,0.00068785,0.000414795],
[3,30000,100,100,1.80204,2.23856,0.000833888,0.000461361],
[3,30000,200,199,1.66717,1.94755,0.000952313,0.000510456],
[3,30000,500,498,1.39558,1.6599,0.0011017,0.000564206],
[3,30000,1000,986,1.27532,1.49543,0.00114563,0.000612657],
[3,30000,30000,19025,1.0781,1.04622,0.00138746,0.000672258],
[4,30000,1,1,8.03344,inf,0.000189888,0.000189888],
[4,30000,2,2,5.78202,14.8727,0.000274163,0.000232025],
[4,30000,3,3,4.73386,9.38361,0.000327313,0.000263788],
[4,30000,4,4,4.50192,7.43634,0.00033865,0.000282503],
[4,30000,5,5,4.59553,6.40531,0.0003325,0.000292503],
[4,30000,10,10,3.05993,4.47712,0.000487213,0.000324954],
[4,30000,20,20,2.68597,3.44121,0.0005486,0.000356904],
[4,30000,50,50,2.20562,2.6352,0.0006714,0.000396216],
[4,30000,100,100,1.88638,2.23856,0.000807713,0.000441938],
[4,30000,200,198,1.63149,1.9494,0.000955413,0.000493285],
[4,30000,500,499,1.36976,1.65936,0.00108695,0.000547255],
[4,30000,1000,989,1.26933,1.49477,0.0011869,0.000600558],
[4,30000,30000,18912,1.05369,1.04685,0.0013969,0.000661815],
[5,30000,1,1,6.4657,inf,0.00023545,0.00023545],
[5,30000,2,2,5.85049,14.8727,0.00026285,0.00024915],
[5,30000,3,3,4.38166,9.38361,0.000331675,0.000276658],
[5,30000,4,4,4.44525,7.43634,0.000361063,0.000297759],
[5,30000,5,5,4.22107,6.40531,0.00036035,0.000310277],
[5,30000,10,10,3.54755,4.47712,0.000434163,0.000330925],
[5,30000,20,20,2.6045,3.44121,0.0005787,0.000366321],
[5,30000,50,50,2.1487,2.6352,0.000686538,0.000406348],
[5,30000,100,100,1.89241,2.23856,0.000784338,0.000448347],
[5,30000,200,200,1.69967,1.9457,0.000919025,0.000495415],
[5,30000,500,498,1.41772,1.6599,0.00109981,0.00055036],
[5,30000,1000,987,1.23817,1.49521,0.00126983,0.000610316],
[5,30000,30000,19034,1.07655,1.04617,0.00144176,0.000674273],
[6,30000,1,1,7.45446,inf,0.0002053,0.0002053],
[6,30000,2,2,5.96307,14.8727,0.000257225,0.000231263],
[6,30000,3,3,4.54543,9.38361,0.000325525,0.000262683],
[6,30000,4,4,4.01666,7.43634,0.0003758,0.000290963],
[6,30000,5,5,5.33146,6.40531,0.000279825,0.000288735],
[6,30000,10,10,3.22062,4.47712,0.000461313,0.000317498],
[6,30000,20,20,2.65292,3.44121,0.00055405,0.000351291],
[6,30000,50,49,2.057,2.64888,0.0007033,0.000395292],
[6,30000,100,99,1.85868,2.24346,0.000787938,0.000438919],
[6,30000,200,199,1.6161,1.94755,0.0009002,0.000485048],
[6,30000,500,496,1.38336,1.66097,0.00107513,0.000538691],
[6,30000,1000,987,1.2306,1.49521,0.00121516,0.000595064],
[6,30000,30000,18970,1.06174,1.04653,0.00137359,0.00065495],
[7,30000,1,1,18.3933,inf,7.73625e-05,7.73625e-05],
[7,30000,2,2,4.86666,14.8727,0.000298025,0.000187694],
[7,30000,3,3,5.08024,9.38361,0.000282275,0.000219221],
[7,30000,4,4,3.89018,7.43634,0.000366512,0.000256044],
[7,30000,5,5,4.02705,6.40531,0.000376213,0.000280078],
[7,30000,10,10,3.10199,4.47712,0.000485238,0.000314271],
[7,30000,20,20,2.55904,3.44121,0.000579675,0.000352186],
[7,30000,50,50,2.126,2.6352,0.000686425,0.000393966],
[7,30000,100,100,1.89221,2.23856,0.000780125,0.000436872],
[7,30000,200,199,1.61652,1.94755,0.000908263,0.000484011],
[7,30000,500,495,1.37883,1.66151,0.00107575,0.000537806],
[7,30000,1000,985,1.2194,1.49565,0.0012801,0.000599664],
[7,30000,30000,18936,1.10459,1.04672,0.00130385,0.000653832],
[8,30000,1,1,19.5015,inf,7.6475e-05,7.6475e-05],
[8,30000,2,2,16.8603,14.8727,8.6325e-05,8.14e-05],
[8,30000,3,3,4.38889,9.38361,0.000339013,0.000167271],
[8,30000,4,4,3.8153,7.43634,0.000386638,0.000222113],
[8,30000,5,5,4.60192,6.40531,0.000327763,0.000243243],
[8,30000,10,10,3.14412,4.47712,0.000467675,0.000280648],
[8,30000,20,20,2.57467,3.44121,0.000576088,0.000322854],
[8,30000,50,50,2.08847,2.6352,0.000700963,0.000370117],
[8,30000,100,98,1.87802,2.24842,0.000771238,0.000414686],
[8,30000,200,200,1.64625,1.9457,0.000880888,0.000461306],
[8,30000,500,498,1.38651,1.6599,0.00105495,0.000515274],
[8,30000,1000,987,1.29575,1.49521,0.00113369,0.000566808],
[8,30000,30000,19020,1.09332,1.04625,0.00131558,0.000624406],
[9,30000,1,1,6.51471,inf,0.000227313,0.000227313],
[9,30000,2,2,6.3277,14.8727,0.000230925,0.000229119],
[9,30000,3,3,4.22034,9.38361,0.000343725,0.000267321],
[9,30000,4,4,3.65012,7.43634,0.000398963,0.000300231],
[9,30000,5,5,4.05376,6.40531,0.000357125,0.00031161],
[9,30000,10,10,3.49955,4.47712,0.000414,0.000328675],
[9,30000,20,20,2.52705,3.44121,0.000568375,0.000362918],
[9,30000,50,50,2.10727,2.6352,0.000684163,0.000403073],
[9,30000,100,100,1.87283,2.23856,0.00079095,0.000446171],
[9,30000,200,199,1.62315,1.94755,0.000886625,0.000490216],
[9,30000,500,495,1.39449,1.66151,0.00103875,0.000540083],
[9,30000,1000,980,1.25946,1.49675,0.00114191,0.000590235],
[9,30000,30000,18968,1.10736,1.04654,0.00130791,0.000645441],
[10,30000,1,1,7.95285,inf,0.000179737,0.000179737],
[10,30000,2,2,5.35677,14.8727,0.000264487,0.000222113],
[10,30000,3,3,3.97812,9.38361,0.00036155,0.000268592],
[10,30000,4,4,5.18644,7.43634,0.000301513,0.000276822],
[10,30000,5,5,3.66556,6.40531,0.000423438,0.000306145],
[10,30000,10,10,2.96966,4.47712,0.000504775,0.00033925],
[10,30000,20,20,2.60215,3.44121,0.00057895,0.000373493],
[10,30000,50,50,2.17516,2.6352,0.000720275,0.000416841],
[10,30000,100,99,1.90961,2.24346,0.000807038,0.000460196],
[10,30000,200,200,1.68641,1.9457,0.000917725,0.000505949],
[10,30000,500,497,1.42993,1.66043,0.00105808,0.000556142],
[10,30000,1000,982,1.23523,1.49631,0.00115679,0.000606196],
[10,30000,30000,18919,1.11207,1.04682,0.00131118,0.000660425],
[11,30000,1,1,6.67342,inf,0.000214725,0.000214725],
[11,30000,2,2,6.66542,14.8727,0.000220538,0.000217631],
[11,30000,3,3,4.79308,9.38361,0.0003029,0.000246054],
[11,30000,4,4,5.06312,7.43634,0.000311287,0.000262362],
[11,30000,5,5,4.46112,6.40531,0.000349613,0.000279813],
[11,30000,10,10,3.5614,4.47712,0.000423225,0.000303715],
[11,30000,20,20,2.74401,3.44121,0.00053015,0.000336062],
[11,30000,50,50,2.13269,2.6352,0.000684488,0.000379616],
[11,30000,100,100,1.77171,2.23856,0.000823738,0.000428963],
[11,30000,200,200,1.56914,1.9457,0.000935175,0.000479584],
[11,30000,500,498,1.39116,1.6599,0.00108003,0.000534169],
[11,30000,1000,974,1.27052,1.49809,0.00121819,0.000591171],
[11,30000,30000,18927,1.1015,1.04677,0.00133795,0.000648615],
[0,300000,1,1,8.38842,inf,0.00221893,0.00221893],
[0,300000,2,2,7.08158,18.1946,0.00258213,0.00240053],
[0,300000,3,3,4.70911,11.4795,0.00420172,0.00300093],
[0,300000,4,4,5.64548,9.0973,0.00326713,0.00306748],
[0,300000,5,5,5.97071,7.83599,0.0031962,0.00309322],
[0,300000,10,10,3.8065,5.47712,0.00485173,0.0033863],
[0,300000,20,20,3.36206,4.20983,0.00559645,0.00370204],
[0,300000,50,50,2.49915,3.22379,0.00735883,0.00415914],
[0,300000,100,99,2.32917,2.74455,0.00838708,0.00462891],
[0,300000,200,200,1.98782,2.38029,0.0091768,0.0050837],
[0,300000,500,498,1.79698,2.03065,0.0105669,0.00558217],
[0,300000,1000,998,1.63222,1.82624,0.011489,0.0060744],
[0,300000,300000,189838,1.06109,1.03765,0.017222,0.00693191],
[1,300000,1,1,12.1937,inf,0.00149325,0.00149325],
[1,300000,2,2,8.16417,18.1946,0.0022946,0.00189392],
[1,300000,3,3,6.08277,11.4795,0.00312073,0.00230286],
[1,300000,4,4,5.46299,9.0973,0.0033301,0.00255967],
[1,300000,5,5,4.48148,7.83599,0.00429363,0.00290646],
[1,300000,10,10,3.75752,5.47712,0.0049773,0.0032516],
[1,300000,20,20,3.42606,4.20983,0.00532408,0.00354767],
[1,300000,50,50,2.67137,3.22379,0.00704355,0.00398465],
[1,300000,100,100,2.28678,2.73856,0.00794108,0.00442426],
[1,300000,200,200,2.08216,2.38029,0.00899863,0.00488169],
[1,300000,500,498,1.7823,2.03065,0.0101639,0.00536189],
[1,300000,1000,998,1.53804,1.82624,0.0120024,0.00591527],
[1,300000,300000,189938,1.07869,1.03761,0.0172244,0.0067852],
[2,300000,1,1,8.40269,inf,0.00228853,0.00228853],
[2,300000,2,2,6.34649,18.1946,0.00296008,0.0026243],
[2,300000,3,3,6.11889,11.4795,0.00304455,0.00276438],
[2,300000,4,4,5.77211,9.0973,0.00329238,0.00289638],
[2,300000,5,5,4.87561,7.83599,0.00392698,0.0031025],
[2,300000,10,10,4.14043,5.47712,0.0046096,0.00335368],
[2,300000,20,20,3.31115,4.20983,0.00554035,0.00366606],
[2,300000,50,50,2.62163,3.22379,0.00712145,0.00409799],
[2,300000,100,100,2.38937,2.73856,0.0075776,0.00448461],
[2,300000,200,200,2.04175,2.38029,0.0091419,0.00495034],
[2,300000,500,499,1.85573,2.02999,0.0100643,0.00541524],
[2,300000,1000,998,1.66227,1.82624,0.0113218,0.00590745],
[2,300000,300000,189676,1.08637,1.03772,0.017351,0.00678773],
[3,300000,1,1,6.46652,inf,0.00282448,0.00282448],
[3,300000,2,2,5.87276,18.1946,0.00318835,0.00300641],
[3,300000,3,3,5.87995,11.4795,0.0031417,0.00305151],
[3,300000,4,4,6.85637,9.0973,0.00272635,0.00297022],
[3,300000,5,5,5.16449,7.83599,0.00359923,0.00309602],
[3,300000,10,10,3.69233,5.47712,0.00505488,0.0034225],
[3,300000,20,20,3.44519,4.20983,0.00532438,0.00369419],
[3,300000,50,50,2.63844,3.22379,0.0073009,0.00414503],
[3,300000,100,100,2.428,2.73856,0.00769173,0.00453911],
[3,300000,200,200,2.16586,2.38029,0.0087834,0.00496354],
[3,300000,500,500,1.82907,2.02934,0.0097616,0.00539973],
[3,300000,1000,999,1.64879,1.82597,0.0108526,0.00585413],
[3,300000,300000,189690,1.11493,1.03772,0.0168403,0.00669922],
[4,300000,1,1,21.2322,inf,0.0008645,0.0008645],
[4,300000,2,2,6.7365,18.1946,0.00284598,0.00185524],
[4,300000,3,3,5.34058,11.4795,0.00344323,0.00238457],
[4,300000,4,4,5.3722,9.0973,0.00349708,0.00266269],
[4,300000,5,5,5.09668,7.83599,0.00371105,0.00287237],
[4,300000,10,10,3.68732,5.47712,0.0050841,0.00324099],
[4,300000,20,20,3.31797,4.20983,0.00555068,0.00357094],
[4,300000,50,50,2.79208,3.22379,0.00667873,0.00395942],
[4,300000,100,100,2.4421,2.73856,0.00764823,0.00436928],
[4,300000,200,200,2.17991,2.38029,0.00867805,0.00480016],
[4,300000,500,500,1.82876,2.02934,0.0101351,0.00528515],
[4,300000,1000,997,1.68277,1.8265,0.0109774,0.00575951],
[4,300000,300000,189647,1.08818,1.03774,0.0170747,0.00662991],
[5,300000,1,1,10.507,inf,0.00174435,0.00174435],
[5,300000,2,2,5.58951,18.1946,0.00337983,0.00256209],
[5,300000,3,3,4.98762,11.4795,0.00371915,0.00294778],
[5,300000,4,4,4.65332,9.0973,0.00403985,0.00322079],
[5,300000,5,5,5.17886,7.83599,0.00358628,0.00329389],
[5,300000,10,10,3.72364,5.47712,0.0049907,0.00357669],
[5,300000,20,20,3.31139,4.20983,0.0054483,0.00384406],
[5,300000,50,50,2.66233,3.22379,0.00699448,0.00423787],
[5,300000,100,100,2.31622,2.73856,0.007884,0.00464299],
[5,300000,200,200,2.06144,2.38029,0.00916113,0.0050948],
[5,300000,500,498,1.78196,2.03065,0.0102169,0.00556045],
[5,300000,1000,998,1.58742,1.82624,0.0118854,0.00608752],
[5,300000,300000,189655,1.11356,1.03773,0.0173823,0.00695635],
[6,300000,1,1,11.9698,inf,0.0015177,0.0015177],
[6,300000,2,2,9.7397,18.1946,0.00190935,0.00171353],
[6,300000,3,3,5.94185,11.4795,0.0031037,0.00217692],
[6,300000,4,4,5.39493,9.0973,0.00350358,0.00250858],
[6,300000,5,5,5.13159,7.83599,0.00370763,0.00274839],
[6,300000,10,10,3.83657,5.47712,0.00508573,0.00313795],
[6,300000,20,20,3.68381,4.20983,0.00502055,0.00340689],
[6,300000,50,50,2.92598,3.22379,0.0063408,0.00377363],
[6,300000,100,100,2.35355,2.73856,0.00799278,0.00424242],
[6,300000,200,200,2.22262,2.38029,0.00832573,0.00465075],
[6,300000,500,499,1.83965,2.02999,0.0104317,0.00517629],
[6,300000,1000,999,1.73952,1.82597,0.0108019,0.00564509],
[6,300000,300000,189869,1.04563,1.03764,0.0176148,0.00656584],
[7,300000,1,1,7.85,inf,0.00232715,0.00232715],
[7,300000,2,2,8.08202,18.1946,0.0022833,0.00230523],
[7,300000,3,3,5.13677,11.4795,0.00356508,0.00272517],
[7,300000,4,4,4.65236,9.0973,0.0039956,0.00304278],
[7,300000,5,5,4.42453,7.83599,0.00414693,0.00326361],
[7,300000,10,10,3.69439,5.47712,0.00504013,0.0035597],
[7,300000,20,20,3.40021,4.20983,0.00534745,0.00381509],
[7,300000,50,50,2.60277,3.22379,0.00749205,0.00427471],
[7,300000,100,100,2.33034,2.73856,0.0079702,0.00468532],
[7,300000,200,200,1.99786,2.38029,0.00956138,0.00517292],
[7,300000,500,500,1.8038,2.02934,0.00999695,0.00561147],
[7,300000,1000,999,1.69636,1.82597,0.0115369,0.00610526],
[7,300000,300000,189636,1.04465,1.03774,0.017617,0.00699078],
[8,300000,1,1,6.53746,inf,0.00280023,0.00280023],
[8,300000,2,2,8.68912,18.1946,0.00226983,0.00253503],
[8,300000,3,3,5.32948,11.4795,0.00341685,0.00282897],
[8,300000,4,4,5.60462,9.0973,0.00335048,0.00295934],
[8,300000,5,5,5.73842,7.83599,0.0031911,0.0030057],
[8,300000,10,10,4.2057,5.47712,0.00450958,0.00325634],
[8,300000,20,20,3.44316,4.20983,0.00531598,0.00355058],
[8,300000,50,50,2.72507,3.22379,0.00717443,0.00400356],
[8,300000,100,100,2.38156,2.73856,0.00766123,0.00440996],
[8,300000,200,200,2.20543,2.38029,0.00851285,0.00482025],
[8,300000,500,498,1.78927,2.03065,0.0102879,0.00531731],
[8,300000,1000,1000,1.62157,1.82571,0.011503,0.00583278],
[8,300000,300000,189338,1.1263,1.03788,0.0173053,0.00671528],
[9,300000,1,1,12.2612,inf,0.00153283,0.00153283],
[9,300000,2,2,5.5806,18.1946,0.00339245,0.00246264],
[9,300000,3,3,5.43089,11.4795,0.00339948,0.00277492],
[9,300000,4,4,5.23466,9.0973,0.00358108,0.00297646],
[9,300000,5,5,4.68076,7.83599,0.0039697,0.00317511],
[9,300000,10,10,3.42194,5.47712,0.00560733,0.00358048],
[9,300000,20,20,3.43792,4.20983,0.0053593,0.00383459],
[9,300000,50,50,2.72195,3.22379,0.00684,0.00421027],
[9,300000,100,100,2.40471,2.73856,0.00783577,0.0046131],
[9,300000,200,199,2.08867,2.38255,0.0088135,0.00503314],
[9,300000,500,499,1.80748,2.02999,0.0101772,0.00550079],
[9,300000,1000,998,1.63995,1.82624,0.0115913,0.00600832],
[9,300000,300000,190018,1.10062,1.03757,0.0171299,0.00686383],
[10,300000,1,1,8.28284,inf,0.00218495,0.00218495],
[10,300000,2,2,7.32172,18.1946,0.00256318,0.00237406],
[10,300000,3,3,5.44037,11.4795,0.0034051,0.00271774],
[10,300000,4,4,4.96527,9.0973,0.00386398,0.0030043],
[10,300000,5,5,4.53,7.83599,0.00410105,0.00322365],
[10,300000,10,10,3.81965,5.47712,0.00501568,0.00352232],
[10,300000,20,20,3.28718,4.20983,0.00564693,0.00382584],
[10,300000,50,50,2.85933,3.22379,0.00681373,0.00419932],
[10,300000,100,100,2.29906,2.73856,0.00785208,0.00460518],
[10,300000,200,200,2.18156,2.38029,0.009012,0.00504587],
[10,300000,500,499,1.87888,2.02999,0.0098436,0.00548202],
[10,300000,1000,999,1.67171,1.82597,0.0108423,0.00592871],
[10,300000,300000,189584,1.08659,1.03777,0.0168984,0.00677253],
[11,300000,1,1,9.23731,inf,0.0020109,0.0020109],
[11,300000,2,2,6.68698,18.1946,0.00289733,0.00245411],
[11,300000,3,3,6.16778,11.4795,0.00299225,0.00263349],
[11,300000,4,4,4.63733,9.0973,0.00403593,0.0029841],
[11,300000,5,5,5.39089,7.83599,0.00340428,0.00306814],
[11,300000,10,10,4.01061,5.47712,0.00471635,0.00334284],
[11,300000,20,20,3.7779,4.20983,0.00493043,0.00356964],
[11,300000,50,50,2.77868,3.22379,0.00687148,0.00398237],
[11,300000,100,100,2.42596,2.73856,0.0074992,0.00437313],
[11,300000,200,200,2.15392,2.38029,0.00900488,0.0048363],
[11,300000,500,500,1.87289,2.02934,0.00978615,0.00528629],
[11,300000,1000,999,1.62894,1.82597,0.0112807,0.00578582],
[11,300000,300000,189474,1.07771,1.03782,0.017288,0.0066706],
[0,3000000,1,1,8.85698,inf,0.0252843,0.0252843],
[0,3000000,2,2,8.40217,21.5165,0.0265794,0.0259318],
[0,3000000,3,3,6.40471,13.5754,0.034668,0.0288439],
[0,3000000,4,4,5.81419,10.7583,0.0384013,0.0312332],
[0,3000000,5,5,4.87593,9.26667,0.0452438,0.0340353],
[0,3000000,10,10,4.32611,6.47712,0.0519385,0.0370192],
[0,3000000,20,20,3.8446,4.97846,0.058194,0.0400442],
[0,3000000,50,50,3.00189,3.81238,0.073918,0.0442784],
[0,3000000,100,100,2.87014,3.23856,0.0781378,0.0480405],
[0,3000000,200,200,2.53695,2.81488,0.0866739,0.0519039],
[0,3000000,500,500,2.19484,2.39985,0.102337,0.0564887],
[0,3000000,1000,1000,2.01676,2.15904,0.10944,0.0609013],
[0,3000000,3000000,1898079,1.08846,1.03167,0.200179,0.071615],
[1,3000000,1,1,11.5472,inf,0.0191226,0.0191226],
[1,3000000,2,2,8.15632,21.5165,0.0274896,0.0233061],
[1,3000000,3,3,6.66543,13.5754,0.0328181,0.0264768],
[1,3000000,4,4,6.04331,10.7583,0.0366505,0.0290202],
[1,3000000,5,5,5.57509,9.26667,0.0393281,0.0310818],
[1,3000000,10,10,4.28151,6.47712,0.0519211,0.034555],
[1,3000000,20,20,3.93315,4.97846,0.0561006,0.0376329],
[1,3000000,50,50,3.27026,3.81238,0.0687975,0.0415285],
[1,3000000,100,100,2.80887,3.23856,0.0780301,0.0455842],
[1,3000000,200,200,2.51793,2.81488,0.0877019,0.049796],
[1,3000000,500,500,2.25133,2.39985,0.0997729,0.0543393],
[1,3000000,1000,999,2.06336,2.15935,0.110565,0.0590248],
[1,3000000,3000000,1896882,1.11183,1.03171,0.19812,0.0697244],
[2,3000000,1,1,8.8549,inf,0.0253851,0.0253851],
[2,3000000,2,2,12.6136,21.5165,0.0176566,0.0215208],
[2,3000000,3,3,7.33778,13.5754,0.0303612,0.0244676],
[2,3000000,4,4,6.1543,10.7583,0.0357611,0.027291],
[2,3000000,5,5,5.23551,9.26667,0.0423374,0.0303002],
[2,3000000,10,10,4.87465,6.47712,0.0455282,0.0328382],
[2,3000000,20,20,3.93846,4.97846,0.0565109,0.03622],
[2,3000000,50,50,3.25933,3.81238,0.0678706,0.0401763],
[2,3000000,100,100,2.91693,3.23856,0.0780181,0.044381],
[2,3000000,200,200,2.53397,2.81488,0.0875476,0.0486976],
[2,3000000,500,500,2.21309,2.39985,0.100439,0.0534014],
[2,3000000,1000,999,2.04811,2.15935,0.109933,0.0581123],
[2,3000000,3000000,1898275,1.10078,1.03166,0.200125,0.0690364],
[3,3000000,1,1,11.8345,inf,0.0188634,0.0188634],
[3,3000000,2,2,6.81805,21.5165,0.0333269,0.0260951],
[3,3000000,3,3,6.31336,13.5754,0.0354112,0.0292005],
[3,3000000,4,4,7.09339,10.7583,0.0316152,0.0298041],
[3,3000000,5,5,5.09486,9.26667,0.0437401,0.0325913],
[3,3000000,10,10,4.53277,6.47712,0.0500722,0.0355048],
[3,3000000,20,20,3.64393,4.97846,0.0612289,0.0391797],
[3,3000000,50,50,3.03018,3.81238,0.0724227,0.043335],
[3,3000000,100,100,2.72531,3.23856,0.0819728,0.0476281],
[3,3000000,200,200,2.46733,2.81488,0.0897905,0.0518444],
[3,3000000,500,500,2.17144,2.39985,0.102677,0.0564655],
[3,3000000,1000,999,1.97774,2.15935,0.112205,0.0611105],
[3,3000000,3000000,1897880,1.10678,1.03167,0.200481,0.0718313],
[4,3000000,1,1,8.46879,inf,0.0260462,0.0260462],
[4,3000000,2,2,8.30554,21.5165,0.0266183,0.0263322],
[4,3000000,3,3,7.08103,13.5754,0.0320983,0.0282542],
[4,3000000,4,4,5.35502,10.7583,0.0416259,0.0315971],
[4,3000000,5,5,7.02791,9.26667,0.0316879,0.0316153],
[4,3000000,10,10,4.70461,6.47712,0.0470332,0.0341849],
[4,3000000,20,20,4.20377,4.97846,0.0528722,0.0368545],
[4,3000000,50,50,3.03524,3.81238,0.0726664,0.041331],
[4,3000000,100,100,2.9231,3.23856,0.0769497,0.0452887],
[4,3000000,200,200,2.62466,2.81488,0.0856073,0.0493205],
[4,3000000,500,500,2.21174,2.39985,0.100339,0.0539586],
[4,3000000,1000,999,2.02016,2.15935,0.109915,0.0586216],
[4,3000000,3000000,1897333,1.14178,1.03169,0.199163,0.0694325],
[5,3000000,1,1,10.4901,inf,0.0214756,0.0214756],
[5,3000000,2,2,7.58409,21.5165,0.0293589,0.0254172],
[5,3000000,3,3,6.13511,13.5754,0.0363439,0.0290595],
[5,3000000,4,4,8.25599,10.7583,0.0273158,0.0286235],
[5,3000000,5,5,5.80481,9.26667,0.0381413,0.0305271],
[5,3000000,10,10,4.13253,6.47712,0.0538524,0.0344146],
[5,3000000,20,20,3.77202,4.97846,0.0588424,0.0379043],
[5,3000000,50,50,3.11877,3.81238,0.0704589,0.0419736],
[5,3000000,100,100,2.7314,3.23856,0.0812021,0.0463323],
[5,3000000,200,200,2.47455,2.81488,0.0895533,0.0506544],
[5,3000000,500,500,2.15836,2.39985,0.103754,0.0554817],
[5,3000000,1000,1000,1.98079,2.15904,0.112293,0.0602159],
[5,3000000,3000000,1897572,1.09534,1.03168,0.20428,0.0712977],
[6,3000000,1,1,9.54291,inf,0.0232841,0.0232841],
[6,3000000,2,2,6.90044,21.5165,0.0318347,0.0275594],
[6,3000000,3,3,5.63521,13.5754,0.0395629,0.0315606],
[6,3000000,4,4,5.92706,10.7583,0.0374976,0.0330448],
[6,3000000,5,5,4.77371,9.26667,0.0466465,0.0357652],
[6,3000000,10,10,4.37151,6.47712,0.052841,0.0386111],
[6,3000000,20,20,3.90664,4.97846,0.0591486,0.041545],
[6,3000000,50,50,3.16095,3.81238,0.072986,0.0454752],
[6,3000000,100,100,2.85674,3.23856,0.0777171,0.0490576],
[6,3000000,200,200,2.50997,2.81488,0.0887784,0.0530297],
[6,3000000,500,500,2.22172,2.39985,0.101547,0.0574403],
[6,3000000,1000,1000,2.00989,2.15904,0.110042,0.0618238],
[6,3000000,3000000,1897333,1.10416,1.03169,0.201078,0.0725357],
[7,3000000,1,1,16.6108,inf,0.013387,0.013387],
[7,3000000,2,2,12.3068,21.5165,0.0182508,0.0158189],
[7,3000000,3,3,6.45626,13.5754,0.0344173,0.0220184],
[7,3000000,4,4,5.93783,10.7583,0.0377535,0.0259521],
[7,3000000,5,5,4.805,9.26667,0.04678,0.0301177],
[7,3000000,10,10,4.13451,6.47712,0.0536562,0.0340408],
[7,3000000,20,20,3.80431,4.97846,0.0581302,0.0374821],
[7,3000000,50,50,3.2023,3.81238,0.0704053,0.0415975],
[7,3000000,100,100,2.73671,3.23856,0.0807122,0.0459436],
[7,3000000,200,200,2.50593,2.81488,0.0890653,0.0502558],
[7,3000000,500,500,2.06666,2.39985,0.10695,0.0554098],
[7,3000000,1000,1000,1.99034,2.15904,0.112449,0.060163],
[7,3000000,3000000,1897778,1.0731,1.03168,0.202576,0.0711178],
[8,3000000,1,1,8.35969,inf,0.0264281,0.0264281],
[8,3000000,2,2,9.09311,21.5165,0.0242048,0.0253164],
[8,3000000,3,3,5.95476,13.5754,0.0371249,0.0292526],
[8,3000000,4,4,5.49706,10.7583,0.0403119,0.0320174],
[8,3000000,5,5,5.67487,9.26667,0.0393549,0.0334849],
[8,3000000,10,10,4.38971,6.47712,0.0506206,0.0363408],
[8,3000000,20,20,3.57628,4.97846,0.0619253,0.0399958],
[8,3000000,50,50,3.03124,3.81238,0.0733525,0.0441654],
[8,3000000,100,100,2.77088,3.23856,0.0810731,0.0482662],
[8,3000000,200,200,2.47277,2.81488,0.0895435,0.0523939],
[8,3000000,500,500,2.17686,2.39985,0.102454,0.0569449],
[8,3000000,1000,1000,1.91871,2.15904,0.115253,0.0618039],
[8,3000000,3000000,1898499,1.07092,1.03165,0.204626,0.0727902],
[9,3000000,1,1,8.2139,inf,0.0270614,0.0270614],
[9,3000000,2,2,8.23136,21.5165,0.0270737,0.0270675],
[9,3000000,3,3,6.51122,13.5754,0.0336461,0.0292604],
[9,3000000,4,4,6.51649,10.7583,0.0342693,0.0305126],
[9,3000000,5,5,5.65609,9.26667,0.0394704,0.0323042],
[9,3000000,10,10,4.84563,6.47712,0.0459814,0.0345837],
[9,3000000,20,20,3.57487,4.97846,0.0620264,0.0385041],
[9,3000000,50,50,3.20688,3.81238,0.0688704,0.0422999],
[9,3000000,100,100,2.81143,3.23856,0.0800478,0.0464941],
[9,3000000,200,200,2.40383,2.81488,0.090984,0.0509431],
[9,3000000,500,500,2.15742,2.39985,0.101306,0.0555216],
[9,3000000,1000,1000,1.89158,2.15904,0.116151,0.060574],
[9,3000000,3000000,1898091,1.09032,1.03167,0.20114,0.0713867],
[10,3000000,1,1,10.1109,inf,0.0221156,0.0221156],
[10,3000000,2,2,6.12213,21.5165,0.0364899,0.0293027],
[10,3000000,3,3,5.80413,13.5754,0.0382487,0.0322847],
[10,3000000,4,4,5.92935,10.7583,0.0380101,0.0337161],
[10,3000000,5,5,5.97472,9.26667,0.0371955,0.0344119],
[10,3000000,10,10,4.14457,6.47712,0.053066,0.0375209],
[10,3000000,20,20,3.80748,4.97846,0.0579463,0.0404389],
[10,3000000,50,50,3.16653,3.81238,0.0706773,0.0442187],
[10,3000000,100,100,2.87064,3.23856,0.0787961,0.0480606],
[10,3000000,200,200,2.46579,2.81488,0.0921068,0.0524652],
[10,3000000,500,500,2.15859,2.39985,0.103003,0.0570595],
[10,3000000,1000,1000,1.99405,2.15904,0.111465,0.0615933],
[10,3000000,3000000,1896926,1.08251,1.03171,0.201225,0.0723342],
[11,3000000,1,1,8.72533,inf,0.0254435,0.0254435],
[11,3000000,2,2,6.3552,21.5165,0.0353345,0.030389],
[11,3000000,3,3,7.02733,13.5754,0.0314394,0.0307391],
[11,3000000,4,4,6.03616,10.7583,0.0371009,0.0323295],
[11,3000000,5,5,5.64012,9.26667,0.0392405,0.0337117],
[11,3000000,10,10,4.05848,6.47712,0.0550879,0.0372744],
[11,3000000,20,20,3.69435,4.97846,0.0611495,0.0406851],
[11,3000000,50,50,3.18004,3.81238,0.069898,0.0443367],
[11,3000000,100,100,2.81542,3.23856,0.0782547,0.0481054],
[11,3000000,200,200,2.47536,2.81488,0.0902947,0.0523243],
[11,3000000,500,500,2.1034,2.39985,0.105118,0.0571237],
[11,3000000,1000,1000,2.02151,2.15904,0.111205,0.0616305],
[11,3000000,3000000,1898187,1.11299,1.03166,0.199934,0.0722692],
[0,30000000,1,1,11.0957,inf,0.23219,0.23219],
[0,30000000,2,2,7.96612,24.8385,0.326062,0.279126],
[0,30000000,3,3,9.19528,15.6713,0.28058,0.279611],
[0,30000000,4,4,6.72379,12.4192,0.382738,0.305392],
[0,30000000,5,5,5.50132,10.6973,0.468906,0.338095],
[0,30000000,10,10,4.92673,7.47712,0.522137,0.368769],
[0,30000000,20,20,4.42861,5.74708,0.585195,0.399687],
[0,30000000,50,50,3.50546,4.40097,0.73316,0.441371],
[0,30000000,100,100,3.1067,3.73856,0.832604,0.484841],
[0,30000000,200,200,2.74141,3.24947,0.937998,0.530157],
[0,30000000,500,500,2.4466,2.77036,1.05171,0.577571],
[0,30000000,1000,1000,2.25064,2.49237,1.1475,0.625065],
[0,30000000,30000000,19123392,1.08616,1.02686,2.37576,0.759734],
[1,30000000,1,1,10.1834,inf,0.259489,0.259489],
[1,30000000,2,2,8.81431,24.8385,0.291826,0.275658],
[1,30000000,3,3,7.45613,15.6713,0.344847,0.298721],
[1,30000000,4,4,7.29103,12.4192,0.353247,0.312352],
[1,30000000,5,5,5.77723,10.6973,0.444912,0.338864],
[1,30000000,10,10,5.30879,7.47712,0.48689,0.363535],
[1,30000000,20,20,4.09409,5.74708,0.632838,0.402007],
[1,30000000,50,50,3.47532,4.40097,0.748092,0.445268],
[1,30000000,100,100,3.03325,3.73856,0.851058,0.490355],
[1,30000000,200,200,2.7708,3.24947,0.928369,0.534157],
[1,30000000,500,500,2.42022,2.77036,1.06955,0.582829],
[1,30000000,1000,1000,2.24001,2.49237,1.15524,0.63053],
[1,30000000,30000000,19120559,1.09073,1.02687,2.37059,0.764381],
[2,30000000,1,1,10.603,inf,0.242871,0.242871],
[2,30000000,2,2,10.2334,24.8385,0.253014,0.247943],
[2,30000000,3,3,6.82723,15.6713,0.37727,0.291052],
[2,30000000,4,4,6.51348,12.4192,0.395788,0.317236],
[2,30000000,5,5,7.97252,10.6973,0.323041,0.318397],
[2,30000000,10,10,4.99637,7.47712,0.520768,0.352125],
[2,30000000,20,20,4.24028,5.74708,0.595337,0.38687],
[2,30000000,50,50,3.66582,4.40097,0.682558,0.423831],
[2,30000000,100,100,3.24168,3.73856,0.77409,0.462748],
[2,30000000,200,200,2.84738,3.24947,0.878646,0.504338],
[2,30000000,500,500,2.47175,2.77036,1.01147,0.550442],
[2,30000000,1000,1000,2.28002,2.49237,1.09584,0.595891],
[2,30000000,30000000,19121881,1.09908,1.02686,2.27706,0.725212],
[3,30000000,1,1,10.2377,inf,0.244143,0.244143],
[3,30000000,2,2,7.65124,24.8385,0.323915,0.284029],
[3,30000000,3,3,8.40943,15.6713,0.293638,0.287232],
[3,30000000,4,4,7.0752,12.4192,0.34825,0.302487],
[3,30000000,5,5,7.06139,10.6973,0.34863,0.311715],
[3,30000000,10,10,4.98734,7.47712,0.493588,0.342028],
[3,30000000,20,20,4.55266,5.74708,0.542059,0.370604],
[3,30000000,50,50,3.68503,4.40097,0.66887,0.407887],
[3,30000000,100,100,3.20935,3.73856,0.771944,0.448338],
[3,30000000,200,200,2.85087,3.24947,0.870188,0.490523],
[3,30000000,500,500,2.49665,2.77036,0.987736,0.535724],
[3,30000000,1000,1000,2.26797,2.49237,1.08691,0.581656],
[3,30000000,30000000,19124130,1.09458,1.02685,2.25226,0.710164],
[4,30000000,1,1,18.4192,inf,0.133234,0.133234],
[4,30000000,2,2,8.26283,24.8385,0.297063,0.215148],
[4,30000000,3,3,8.89472,15.6713,0.277037,0.235778],
[4,30000000,4,4,7.4273,12.4192,0.330517,0.259463],
[4,30000000,5,5,6.62989,10.6973,0.370767,0.281723],
[4,30000000,10,10,5.3552,7.47712,0.459376,0.311332],
[4,30000000,20,20,4.80389,5.74708,0.511695,0.339956],
[4,30000000,50,50,3.64218,4.40097,0.675319,0.381876],
[4,30000000,100,100,3.24592,3.73856,0.757349,0.423595],
[4,30000000,200,200,2.84968,3.24947,0.862253,0.467461],
[4,30000000,500,500,2.54622,2.77036,0.964744,0.512669],
[4,30000000,1000,1000,2.33108,2.49237,1.05666,0.558001],
[4,30000000,30000000,19121312,1.09853,1.02686,2.23468,0.686976],
[5,30000000,1,1,10.0332,inf,0.245059,0.245059],
[5,30000000,2,2,9.68387,24.8385,0.254252,0.249655],
[5,30000000,3,3,8.65385,15.6713,0.285247,0.261519],
[5,30000000,4,4,8.15799,12.4192,0.301794,0.271588],
[5,30000000,5,5,6.38327,10.6973,0.387868,0.294844],
[5,30000000,10,10,4.95566,7.47712,0.496155,0.328396],
[5,30000000,20,20,4.48272,5.74708,0.551674,0.360293],
[5,30000000,50,50,3.45506,4.40097,0.714687,0.404592],
[5,30000000,100,100,3.13738,3.73856,0.784195,0.44677],
[5,30000000,200,200,2.80794,3.24947,0.876764,0.48977],
[5,30000000,500,500,2.46641,2.77036,0.997088,0.535889],
[5,30000000,1000,1000,2.27024,2.49237,1.08528,0.581672],
[5,30000000,30000000,19122091,1.09896,1.02686,2.25271,0.710213],
[6,30000000,1,1,14.6076,inf,0.168121,0.168121],
[6,30000000,2,2,8.89105,24.8385,0.276273,0.222197],
[6,30000000,3,3,6.77072,15.6713,0.363211,0.269202],
[6,30000000,4,4,7.61596,12.4192,0.323135,0.282685],
[6,30000000,5,5,7.19314,10.6973,0.342683,0.294685],
[6,30000000,10,10,5.38995,7.47712,0.455513,0.321489],
[6,30000000,20,20,4.28401,5.74708,0.57365,0.357512],
[6,30000000,50,50,3.59308,4.40097,0.683882,0.398308],
[6,30000000,100,100,3.12682,3.73856,0.785689,0.441351],
[6,30000000,200,200,2.87454,3.24947,0.855464,0.482762],
[6,30000000,500,500,2.51301,2.77036,0.977863,0.527771],
[6,30000000,1000,1000,2.28784,2.49237,1.07602,0.573459],
[6,30000000,30000000,19125548,1.10001,1.02685,2.2464,0.702146],
[7,30000000,1,1,11.2755,inf,0.218329,0.218329],
[7,30000000,2,2,11.7153,24.8385,0.211901,0.215115],
[7,30000000,3,3,6.75774,15.6713,0.36597,0.2654],
[7,30000000,4,4,6.38593,12.4192,0.385657,0.295464],
[7,30000000,5,5,5.75953,10.6973,0.430718,0.322515],
[7,30000000,10,10,6.14023,7.47712,0.401726,0.335717],
[7,30000000,20,20,4.26431,5.74708,0.581507,0.37083],
[7,30000000,50,50,3.36205,4.40097,0.759923,0.419466],
[7,30000000,100,100,3.10585,3.73856,0.832133,0.465318],
[7,30000000,200,200,2.86608,3.24947,0.907701,0.509556],
[7,30000000,500,500,2.4797,2.77036,1.01116,0.555157],
[7,30000000,1000,1000,2.26744,2.49237,1.10658,0.601109],
[7,30000000,30000000,19118989,1.09906,1.02687,2.28547,0.730675],
[8,30000000,1,1,11.4278,inf,0.218544,0.218544],
[8,30000000,2,2,12.4997,24.8385,0.199101,0.208822],
[8,30000000,3,3,7.56943,15.6713,0.329556,0.249067],
[8,30000000,4,4,6.44264,12.4192,0.389688,0.284222],
[8,30000000,5,5,6.01868,10.6973,0.416176,0.310613],
[8,30000000,10,10,5.1544,7.47712,0.476813,0.338313],
[8,30000000,20,20,4.22947,5.74708,0.580236,0.372873],
[8,30000000,50,50,3.49357,4.40097,0.702243,0.414045],
[8,30000000,100,100,3.0828,3.73856,0.797695,0.456672],
[8,30000000,200,200,2.81067,3.24947,0.873111,0.498316],
[8,30000000,500,500,2.51323,2.77036,0.982559,0.542338],
[8,30000000,1000,1000,2.2718,2.49237,1.08279,0.587376],
[8,30000000,30000000,19124610,1.0912,1.02685,2.24905,0.715197],
[9,30000000,1,1,12.4732,inf,0.196678,0.196678],
[9,30000000,2,2,10.8632,24.8385,0.22611,0.211394],
[9,30000000,3,3,6.83936,15.6713,0.358221,0.260337],
[9,30000000,4,4,6.26593,12.4192,0.391099,0.293027],
[9,30000000,5,5,6.33909,10.6973,0.387255,0.311873],
[9,30000000,10,10,5.08551,7.47712,0.483154,0.34042],
[9,30000000,20,20,4.5496,5.74708,0.5403,0.368974],
[9,30000000,50,50,3.5431,4.40097,0.691553,0.409296],
[9,30000000,100,100,3.09674,3.73856,0.791601,0.451775],
[9,30000000,200,200,2.81507,3.24947,0.872656,0.493863],
[9,30000000,500,500,2.49172,2.77036,0.987193,0.538711],
[9,30000000,1000,1000,2.2756,2.49237,1.07732,0.583595],
[9,30000000,30000000,19122489,1.09609,1.02686,2.24585,0.711461],
[10,30000000,1,1,10.197,inf,0.241735,0.241735],
[10,30000000,2,2,9.27628,24.8385,0.266438,0.254087],
[10,30000000,3,3,7.66927,15.6713,0.321537,0.27657],
[10,30000000,4,4,7.74582,12.4192,0.318448,0.28704],
[10,30000000,5,5,6.83408,10.6973,0.361407,0.301913],
[10,30000000,10,10,5.05913,7.47712,0.491447,0.333502],
[10,30000000,20,20,4.50651,5.74708,0.55205,0.364723],
[10,30000000,50,50,3.62587,4.40097,0.679444,0.404063],
[10,30000000,100,100,3.2317,3.73856,0.766415,0.444325],
[10,30000000,200,200,2.89124,3.24947,0.851562,0.485048],
[10,30000000,500,500,2.54469,2.77036,0.969311,0.529072],
[10,30000000,1000,1000,2.32572,2.49237,1.05966,0.573288],
[10,30000000,30000000,19124704,1.10874,1.02685,2.24034,0.701522],
[11,30000000,1,1,13.6079,inf,0.18077,0.18077],
[11,30000000,2,2,9.15465,24.8385,0.270216,0.225493],
[11,30000000,3,3,8.80899,15.6713,0.280568,0.243851],
[11,30000000,4,4,8.38609,12.4192,0.293784,0.256334],
[11,30000000,5,5,7.0214,10.6973,0.350671,0.275202],
[11,30000000,10,10,5.00786,7.47712,0.493133,0.311524],
[11,30000000,20,20,4.42367,5.74708,0.559061,0.346886],
[11,30000000,50,50,3.5157,4.40097,0.700065,0.391033],
[11,30000000,100,100,3.18524,3.73856,0.773573,0.433538],
[11,30000000,200,200,2.84585,3.24947,0.869012,0.477085],
[11,30000000,500,500,2.49465,2.77036,0.984959,0.523256],
[11,30000000,1000,1000,2.29896,2.49237,1.07127,0.568923],
[11,30000000,30000000,19123132,1.09664,1.02686,2.24334,0.697724]
]
#19.47