[
[0,30,1,1,0.722222,inf,2.25e-07,2.25e-07],
[0,30,2,2,0.8,4.90689,1.25e-07,1.75e-07],
[0,30,3,3,0.780488,3.0959,1.28125e-07,1.59375e-07],
[0,30,4,4,0.780488,2.45345,1.28125e-07,1.51563e-07],
[0,30,5,5,0.833333,2.11328,1.3125e-07,1.475e-07],
[0,30,10,10,0.804878,1.47712,1.28125e-07,1.44271e-07],
[0,30,20,20,0.780488,1.13535,1.28125e-07,1.41964e-07],
[0,30,50,30,0.744186,1,1.34375e-07,1.41016e-07],
[0,30,100,30,0.75,1,1.375e-07,1.40625e-07],
[0,30,200,30,0.804878,1,1.28125e-07,1.39375e-07],
[0,30,500,30,0.8,1,1.25e-07,1.38068e-07],
[0,30,1000,30,0.744186,1,1.34375e-07,1.3776e-07],
[0,30,30,30,0.833333,1,1.3125e-07,1.3726e-07],
[1,30,1,1,0.829268,inf,1.28125e-07,1.28125e-07],
[1,30,2,2,0.868421,4.90689,1.1875e-07,1.23438e-07],
[1,30,3,3,0.828571,3.0959,1.09375e-07,1.1875e-07],
[1,30,4,4,0.857143,2.45345,1.09375e-07,1.16406e-07],
[1,30,5,5,0.783784,2.11328,1.15625e-07,1.1625e-07],
[1,30,10,10,0.846154,1.47712,1.21875e-07,1.17188e-07],
[1,30,20,20,0.848485,1.13535,1.03125e-07,1.15179e-07],
[1,30,50,30,0.763158,1,1.1875e-07,1.15625e-07],
[1,30,100,30,0.692308,1,1.21875e-07,1.16319e-07],
[1,30,200,30,0.707317,1,1.28125e-07,1.175e-07],
[1,30,500,30,0.820513,1,1.21875e-07,1.17898e-07],
[1,30,1000,30,0.833333,1,1.125e-07,1.17448e-07],
[1,30,30,30,0.763158,1,1.1875e-07,1.17548e-07],
[2,30,1,1,0.928571,inf,1.3125e-07,1.3125e-07],
[2,30,2,2,0.853659,4.90689,1.28125e-07,1.29688e-07],
[2,30,3,3,0.77551,3.0959,1.53125e-07,1.375e-07],
[2,30,4,4,0.790698,2.45345,1.34375e-07,1.36719e-07],
[2,30,5,5,0.918919,2.11328,1.15625e-07,1.325e-07],
[2,30,10,10,0.804878,1.47712,1.28125e-07,1.31771e-07],
[2,30,20,20,0.891892,1.13535,1.15625e-07,1.29464e-07],
[2,30,50,30,0.8,1,1.25e-07,1.28906e-07],
[2,30,100,30,0.780488,1,1.28125e-07,1.28819e-07],
[2,30,200,30,1,1,1.09375e-07,1.26875e-07],
[2,30,500,30,0.846154,1,1.21875e-07,1.2642e-07],
[2,30,1000,30,0.941176,1,1.0625e-07,1.2474e-07],
[2,30,30,30,0.85,1,1.25e-07,1.2476e-07],
[3,30,1,1,0.878049,inf,1.28125e-07,1.28125e-07],
[3,30,2,2,0.864865,4.90689,1.15625e-07,1.21875e-07],
[3,30,3,3,0.810811,3.0959,1.15625e-07,1.19792e-07],
[3,30,4,4,0.763158,2.45345,1.1875e-07,1.19531e-07],
[3,30,5,5,0.885714,2.11328,1.09375e-07,1.175e-07],
[3,30,10,10,0.783784,1.47712,1.15625e-07,1.17187e-07],
[3,30,20,20,0.857143,1.13535,1.09375e-07,1.16071e-07],
[3,30,50,30,0.857143,1,1.09375e-07,1.15234e-07],
[3,30,100,30,0.833333,1,1.125e-07,1.14931e-07],
[3,30,200,30,0.848485,1,1.03125e-07,1.1375e-07],
[3,30,500,30,0.783784,1,1.15625e-07,1.1392e-07],
[3,30,1000,30,0.764706,1,1.0625e-07,1.13281e-07],
[3,30,30,30,0.777778,1,1.125e-07,1.13221e-07],
[4,30,1,1,1.2,inf,1.40625e-07,1.40625e-07],
[4,30,2,2,0.868421,4.90689,1.1875e-07,1.29688e-07],
[4,30,3,3,0.894737,3.0959,1.1875e-07,1.26042e-07],
[4,30,4,4,1,2.45345,1.0625e-07,1.21094e-07],
[4,30,5,5,0.891892,2.11328,1.15625e-07,1.2e-07],
[4,30,10,10,0.85,1.47712,1.25e-07,1.20833e-07],
[4,30,20,20,0.837838,1.13535,1.15625e-07,1.20089e-07],
[4,30,50,30,0.888889,1,1.125e-07,1.19141e-07],
[4,30,100,30,0.804878,1,1.28125e-07,1.20139e-07],
[4,30,200,30,0.868421,1,1.1875e-07,1.2e-07],
[4,30,500,30,0.921053,1,1.1875e-07,1.19886e-07],
[4,30,1000,30,0.878049,1,1.28125e-07,1.20573e-07],
[4,30,30,30,0.888889,1,1.125e-07,1.19952e-07],
[5,30,1,1,1,inf,1.125e-07,1.125e-07],
[5,30,2,2,0.815789,4.90689,1.1875e-07,1.15625e-07],
[5,30,3,3,0.864865,3.0959,1.15625e-07,1.15625e-07],
[5,30,4,4,0.825,2.45345,1.25e-07,1.17969e-07],
[5,30,5,5,0.744186,2.11328,1.34375e-07,1.2125e-07],
[5,30,10,10,0.820513,1.47712,1.21875e-07,1.21354e-07],
[5,30,20,20,0.842105,1.13535,1.1875e-07,1.20982e-07],
[5,30,50,30,0.888889,1,1.125e-07,1.19922e-07],
[5,30,100,30,0.969697,1,1.03125e-07,1.18056e-07],
[5,30,200,30,0.804878,1,1.28125e-07,1.19062e-07],
[5,30,500,30,0.775,1,1.25e-07,1.19602e-07],
[5,30,1000,30,0.8,1,1.25e-07,1.20052e-07],
[5,30,30,30,0.864865,1,1.15625e-07,1.19712e-07],
[6,30,1,1,0.860465,inf,1.34375e-07,1.34375e-07],
[6,30,2,2,0.882353,4.90689,1.0625e-07,1.20313e-07],
[6,30,3,3,0.648649,3.0959,1.15625e-07,1.1875e-07],
[6,30,4,4,0.864865,2.45345,1.15625e-07,1.17969e-07],
[6,30,5,5,0.861111,2.11328,1.125e-07,1.16875e-07],
[6,30,10,10,0.731707,1.47712,1.28125e-07,1.1875e-07],
[6,30,20,20,0.634615,1.13535,1.625e-07,1.25e-07],
[6,30,50,30,0.888889,1,1.125e-07,1.23438e-07],
[6,30,100,30,0.914286,1,1.09375e-07,1.21875e-07],
[6,30,200,30,0.815789,1,1.1875e-07,1.21563e-07],
[6,30,500,30,0.820513,1,1.21875e-07,1.21591e-07],
[6,30,1000,30,0.825,1,1.25e-07,1.21875e-07],
[6,30,30,30,0.916667,1,1.125e-07,1.21154e-07],
[7,30,1,1,0.921053,inf,1.1875e-07,1.1875e-07],
[7,30,2,2,0.837838,4.90689,1.15625e-07,1.17188e-07],
[7,30,3,3,0.97619,3.0959,1.3125e-07,1.21875e-07],
[7,30,4,4,0.864865,2.45345,1.15625e-07,1.20313e-07],
[7,30,5,5,0.882353,2.11328,1.0625e-07,1.175e-07],
[7,30,10,10,0.820513,1.47712,1.21875e-07,1.18229e-07],
[7,30,20,20,0.829268,1.13535,1.28125e-07,1.19643e-07],
[7,30,50,30,0.868421,1,1.1875e-07,1.19531e-07],
[7,30,100,30,0.916667,1,1.125e-07,1.1875e-07],
[7,30,200,30,0.825,1,1.25e-07,1.19375e-07],
[7,30,500,30,0.8,1,1.25e-07,1.19886e-07],
[7,30,1000,30,0.820513,1,1.21875e-07,1.20052e-07],
[7,30,30,30,0.921053,1,1.1875e-07,1.19952e-07],
[8,30,1,1,0.853659,inf,1.28125e-07,1.28125e-07],
[8,30,2,2,0.805556,4.90689,1.125e-07,1.20313e-07],
[8,30,3,3,0.861111,3.0959,1.125e-07,1.17708e-07],
[8,30,4,4,0.861111,2.45345,1.125e-07,1.16406e-07],
[8,30,5,5,0.911765,2.11328,1.0625e-07,1.14375e-07],
[8,30,10,10,0.783784,1.47712,1.15625e-07,1.14583e-07],
[8,30,20,20,0.842105,1.13535,1.1875e-07,1.15179e-07],
[8,30,50,30,0.861111,1,1.125e-07,1.14844e-07],
[8,30,100,30,0.837838,1,1.15625e-07,1.14931e-07],
[8,30,200,30,0.857143,1,1.09375e-07,1.14375e-07],
[8,30,500,30,0.794872,1,1.21875e-07,1.15057e-07],
[8,30,1000,30,0.914286,1,1.09375e-07,1.14583e-07],
[8,30,30,30,0.888889,1,1.125e-07,1.14423e-07],
[9,30,1,1,0.785714,inf,1.3125e-07,1.3125e-07],
[9,30,2,2,0.882353,4.90689,1.0625e-07,1.1875e-07],
[9,30,3,3,0.756757,3.0959,1.15625e-07,1.17708e-07],
[9,30,4,4,0.837838,2.45345,1.15625e-07,1.17188e-07],
[9,30,5,5,0.8,2.11328,1.09375e-07,1.15625e-07],
[9,30,10,10,0.69697,1.47712,1.03125e-07,1.13542e-07],
[9,30,20,20,1,1.13535,1.03125e-07,1.12054e-07],
[9,30,50,30,0.848485,1,1.03125e-07,1.10937e-07],
[9,30,100,30,1.0625,1,1e-07,1.09722e-07],
[9,30,200,30,0.673913,1,1.4375e-07,1.13125e-07],
[9,30,500,30,0.771429,1,1.09375e-07,1.12784e-07],
[9,30,1000,30,0.771429,1,1.09375e-07,1.125e-07],
[9,30,30,30,0.852941,1,1.0625e-07,1.12019e-07],
[10,30,1,1,0.9,inf,1.25e-07,1.25e-07],
[10,30,2,2,0.8,4.90689,1.25e-07,1.25e-07],
[10,30,3,3,0.591837,3.0959,1.53125e-07,1.34375e-07],
[10,30,4,4,2.7234,2.45345,1.46875e-07,1.375e-07],
[10,30,5,5,0.857143,2.11328,1.53125e-07,1.40625e-07],
[10,30,10,10,0.864865,1.47712,1.15625e-07,1.36458e-07],
[10,30,20,20,0.842105,1.13535,1.1875e-07,1.33929e-07],
[10,30,50,30,0.782609,1,1.4375e-07,1.35156e-07],
[10,30,100,30,0.837838,1,1.15625e-07,1.32986e-07],
[10,30,200,30,0.888889,1,1.125e-07,1.30938e-07],
[10,30,500,30,0.861111,1,1.125e-07,1.29261e-07],
[10,30,1000,30,0.842105,1,1.1875e-07,1.28385e-07],
[10,30,30,30,0.864865,1,1.15625e-07,1.27404e-07],
[11,30,1,1,0.894737,inf,1.1875e-07,1.1875e-07],
[11,30,2,2,0.789474,4.90689,1.1875e-07,1.1875e-07],
[11,30,3,3,0.74359,3.0959,1.21875e-07,1.19792e-07],
[11,30,4,4,0.810811,2.45345,1.15625e-07,1.1875e-07],
[11,30,5,5,0.815789,2.11328,1.1875e-07,1.1875e-07],
[11,30,10,10,0.794872,1.47712,1.21875e-07,1.19271e-07],
[11,30,20,20,0.878788,1.13535,1.03125e-07,1.16964e-07],
[11,30,50,30,0.775,1,1.25e-07,1.17969e-07],
[11,30,100,30,0.632653,1,1.53125e-07,1.21875e-07],
[11,30,200,30,0.857143,1,1.09375e-07,1.20625e-07],
[11,30,500,30,0.789474,1,1.1875e-07,1.20455e-07],
[11,30,1000,30,0.555556,1,1.6875e-07,1.24479e-07],
[11,30,30,30,0.852941,1,1.0625e-07,1.23077e-07],
[0,300,1,1,4.26316,inf,5.34375e-07,5.34375e-07],
[0,300,2,2,2.05025,8.22882,1.24375e-06,8.89063e-07],
[0,300,3,3,2.08054,5.19181,9.3125e-07,9.03125e-07],
[0,300,4,4,1.77143,4.11441,1.09375e-06,9.50781e-07],
[0,300,5,5,1.54034,3.54396,1.27813e-06,1.01625e-06],
[0,300,10,10,1.22986,2.47712,1.59063e-06,1.11198e-06],
[0,300,20,20,1.15112,1.90397,1.675e-06,1.19241e-06],
[0,300,50,50,1.11649,1.45801,1.74375e-06,1.26133e-06],
[0,300,100,100,1.11649,1.23856,1.74375e-06,1.31493e-06],
[0,300,200,200,1.1241,1.07653,1.7375e-06,1.35719e-06],
[0,300,500,300,1.10284,1,1.7625e-06,1.39403e-06],
[0,300,1000,300,1.09639,1,1.81563e-06,1.42917e-06],
[0,300,300,300,1.14917,1,1.69688e-06,1.44976e-06],
[1,300,1,1,3.5,inf,6.625e-07,6.625e-07],
[1,300,2,2,2.0817,8.22882,9.5625e-07,8.09375e-07],
[1,300,3,3,2.03215,5.19181,9.71875e-07,8.63542e-07],
[1,300,4,4,1.59406,4.11441,1.2625e-06,9.63281e-07],
[1,300,5,5,1.69947,3.54396,1.175e-06,1.00563e-06],
[1,300,10,10,1.22674,2.47712,1.6125e-06,1.10677e-06],
[1,300,20,20,1.11478,1.90397,1.79688e-06,1.20536e-06],
[1,300,50,50,1.0993,1.45801,2.23438e-06,1.33398e-06],
[1,300,100,100,1.10247,1.23856,1.76875e-06,1.38229e-06],
[1,300,200,200,1.07586,1.07653,1.8125e-06,1.42531e-06],
[1,300,500,300,1.08787,1,1.77813e-06,1.45739e-06],
[1,300,1000,300,1.09839,1,1.74688e-06,1.48151e-06],
[1,300,300,300,1.10772,1,1.74063e-06,1.50144e-06],
[2,300,1,1,3.16964,inf,7e-07,7e-07],
[2,300,2,2,2.43496,8.22882,7.6875e-07,7.34375e-07],
[2,300,3,3,1.78006,5.19181,1.06563e-06,8.44792e-07],
[2,300,4,4,1.6371,4.11441,1.1625e-06,9.24219e-07],
[2,300,5,5,1.52184,3.54396,1.2875e-06,9.96875e-07],
[2,300,10,10,1.14934,2.47712,1.65313e-06,1.10625e-06],
[2,300,20,20,1.0991,1.90397,1.73438e-06,1.19598e-06],
[2,300,50,50,1.08618,1.45801,1.74063e-06,1.26406e-06],
[2,300,100,100,1.08844,1.23856,1.8375e-06,1.32778e-06],
[2,300,200,200,1.04722,1.07653,1.85313e-06,1.38031e-06],
[2,300,500,300,1.0798,1,1.84063e-06,1.42216e-06],
[2,300,1000,300,1.095,1,1.875e-06,1.4599e-06],
[2,300,300,300,1.05528,1,1.86563e-06,1.49111e-06],
[3,300,1,1,3.53881,inf,6.84375e-07,6.84375e-07],
[3,300,2,2,2.44578,8.22882,7.78125e-07,7.3125e-07],
[3,300,3,3,2.02658,5.19181,9.40625e-07,8.01042e-07],
[3,300,4,4,1.62834,4.11441,1.16875e-06,8.92969e-07],
[3,300,5,5,1.55112,3.54396,1.25313e-06,9.65e-07],
[3,300,10,10,1.19075,2.47712,1.62188e-06,1.07448e-06],
[3,300,20,20,1.11467,1.90397,1.85313e-06,1.18571e-06],
[3,300,50,50,1.13978,1.45801,1.74375e-06,1.25547e-06],
[3,300,100,100,1.10772,1.23856,1.74063e-06,1.30938e-06],
[3,300,200,200,1.06932,1.07653,1.80313e-06,1.35875e-06],
[3,300,500,300,1.04355,1,1.86563e-06,1.40483e-06],
[3,300,1000,300,1.07584,1,1.77188e-06,1.43542e-06],
[3,300,300,300,1.12,1,1.79688e-06,1.46322e-06],
[4,300,1,1,4.17544,inf,5.34375e-07,5.34375e-07],
[4,300,2,2,2.41797,8.22882,8e-07,6.67188e-07],
[4,300,3,3,2.42264,5.19181,8.28125e-07,7.20833e-07],
[4,300,4,4,1.26792,4.11441,1.65625e-06,9.54687e-07],
[4,300,5,5,1.76203,3.54396,1.16875e-06,9.975e-07],
[4,300,10,10,1.16129,2.47712,1.64688e-06,1.10573e-06],
[4,300,20,20,1.15858,1.90397,1.675e-06,1.18705e-06],
[4,300,50,50,1.14498,1.45801,1.68125e-06,1.24883e-06],
[4,300,100,100,1.13578,1.23856,1.70313e-06,1.29931e-06],
[4,300,200,200,1.0966,1.07653,1.74688e-06,1.34406e-06],
[4,300,500,300,1.1147,1,1.74375e-06,1.3804e-06],
[4,300,1000,300,1.07143,1,1.79375e-06,1.41484e-06],
[4,300,300,300,1.15799,1,1.74063e-06,1.4399e-06],
[5,300,1,1,4.43791,inf,4.78125e-07,4.78125e-07],
[5,300,2,2,1.85079,8.22882,9.84375e-07,7.3125e-07],
[5,300,3,3,1.76524,5.19181,1.025e-06,8.29167e-07],
[5,300,4,4,1.69298,4.11441,1.06875e-06,8.89063e-07],
[5,300,5,5,1.44938,3.54396,1.26563e-06,9.64375e-07],
[5,300,10,10,1.11281,2.47712,1.63438e-06,1.07604e-06],
[5,300,20,20,1.05307,1.90397,1.88438e-06,1.19152e-06],
[5,300,50,50,1.0339,1.45801,1.84375e-06,1.27305e-06],
[5,300,100,100,1.11092,1.23856,1.80313e-06,1.33194e-06],
[5,300,200,200,0.993243,1.07653,1.85e-06,1.38375e-06],
[5,300,500,300,1.0373,1,1.75938e-06,1.4179e-06],
[5,300,1000,300,1.03922,1,1.75313e-06,1.44583e-06],
[5,300,300,300,1.01226,1,2.29375e-06,1.51106e-06],
[6,300,1,1,7.84211,inf,2.96875e-07,2.96875e-07],
[6,300,2,2,2.5642,8.22882,8.03125e-07,5.5e-07],
[6,300,3,3,2.22333,5.19181,9.375e-07,6.79167e-07],
[6,300,4,4,1.70149,4.11441,1.25625e-06,8.23438e-07],
[6,300,5,5,3.75346,3.54396,1.35625e-06,9.3e-07],
[6,300,10,10,1.15425,2.47712,1.80313e-06,1.07552e-06],
[6,300,20,20,1.05246,1.90397,1.90625e-06,1.1942e-06],
[6,300,50,50,1.14777,1.45801,1.81875e-06,1.27227e-06],
[6,300,100,100,1.08127,1.23856,1.76875e-06,1.32743e-06],
[6,300,200,200,1.05308,1.07653,1.825e-06,1.37719e-06],
[6,300,500,300,1.08014,1,1.79375e-06,1.41506e-06],
[6,300,1000,300,1.10225,1,1.80313e-06,1.4474e-06],
[6,300,300,300,1.10106,1,1.7625e-06,1.47163e-06],
[7,300,1,1,3.11261,inf,6.9375e-07,6.9375e-07],
[7,300,2,2,2.3373,8.22882,7.875e-07,7.40625e-07],
[7,300,3,3,1.78659,5.19181,1.025e-06,8.35417e-07],
[7,300,4,4,1.60383,4.11441,1.14375e-06,9.125e-07],
[7,300,5,5,1.55051,3.54396,1.2375e-06,9.775e-07],
[7,300,10,10,1.15642,2.47712,1.67813e-06,1.09427e-06],
[7,300,20,20,1.08909,1.90397,1.71875e-06,1.18348e-06],
[7,300,50,50,1.05536,1.45801,1.75e-06,1.2543e-06],
[7,300,100,100,1.05367,1.23856,1.74688e-06,1.30903e-06],
[7,300,200,200,1.05725,1.07653,1.74688e-06,1.35281e-06],
[7,300,500,300,1.02418,1,1.80938e-06,1.39432e-06],
[7,300,1000,300,1.06115,1,1.7375e-06,1.42292e-06],
[7,300,300,300,1.05348,1,1.75313e-06,1.44832e-06],
[8,300,1,1,3.18349,inf,6.8125e-07,6.8125e-07],
[8,300,2,2,2.23396,8.22882,8.28125e-07,7.54688e-07],
[8,300,3,3,1.9316,5.19181,9.59375e-07,8.22917e-07],
[8,300,4,4,1.54663,4.11441,1.20625e-06,9.1875e-07],
[8,300,5,5,1.58621,3.54396,1.17813e-06,9.70625e-07],
[8,300,10,10,1.1257,2.47712,1.66563e-06,1.08646e-06],
[8,300,20,20,1.0805,1.90397,1.74688e-06,1.1808e-06],
[8,300,50,50,1.06678,1.45801,1.825e-06,1.26133e-06],
[8,300,100,100,1.09717,1.23856,1.76875e-06,1.31771e-06],
[8,300,200,200,1.05458,1.07653,1.775e-06,1.36344e-06],
[8,300,500,300,0.990276,1,1.92813e-06,1.41477e-06],
[8,300,1000,300,1.08618,1,1.74063e-06,1.44193e-06],
[8,300,300,300,1.07473,1,1.75625e-06,1.46611e-06],
[9,300,1,1,2.78439,inf,8.40625e-07,8.40625e-07],
[9,300,2,2,1.82865,8.22882,1.1125e-06,9.76563e-07],
[9,300,3,3,1.82051,5.19181,1.09687e-06,1.01667e-06],
[9,300,4,4,1.56968,4.11441,1.27813e-06,1.08203e-06],
[9,300,5,5,1.54545,3.54396,1.30625e-06,1.12687e-06],
[9,300,10,10,1.15714,2.47712,1.75e-06,1.23073e-06],
[9,300,20,20,1.09864,1.90397,1.8375e-06,1.31741e-06],
[9,300,50,50,1.03281,1.45801,2.38125e-06,1.45039e-06],
[9,300,100,100,1.07886,1.23856,1.8625e-06,1.49618e-06],
[9,300,200,200,1.07744,1.07653,1.85625e-06,1.53219e-06],
[9,300,500,300,1.09434,1,1.82188e-06,1.55852e-06],
[9,300,1000,300,1.07059,1,1.85938e-06,1.58359e-06],
[9,300,300,300,1.10297,1,1.79063e-06,1.59952e-06],
[10,300,1,1,3.12017,inf,7.28125e-07,7.28125e-07],
[10,300,2,2,1.79063,8.22882,1.13438e-06,9.3125e-07],
[10,300,3,3,2.0132,5.19181,9.46875e-07,9.36458e-07],
[10,300,4,4,1.74085,4.11441,1.10938e-06,9.79688e-07],
[10,300,5,5,1.46635,3.54396,1.3e-06,1.04375e-06],
[10,300,10,10,1.30655,2.47712,1.47813e-06,1.11615e-06],
[10,300,20,20,1.04237,1.90397,1.84375e-06,1.22009e-06],
[10,300,50,50,1.08666,1.45801,1.80313e-06,1.29297e-06],
[10,300,100,100,1.06724,1.23856,1.8125e-06,1.35069e-06],
[10,300,200,200,1.0784,1.07653,1.79375e-06,1.395e-06],
[10,300,500,300,1.08463,1,1.80938e-06,1.43267e-06],
[10,300,1000,300,1.09752,1,1.7625e-06,1.46016e-06],
[10,300,300,300,1.08348,1,1.79688e-06,1.48606e-06],
[11,300,1,1,3.81461,inf,5.5625e-07,5.5625e-07],
[11,300,2,2,2.40664,8.22882,7.53125e-07,6.54688e-07],
[11,300,3,3,1.71014,5.19181,1.07813e-06,7.95833e-07],
[11,300,4,4,1.76205,4.11441,1.0375e-06,8.5625e-07],
[11,300,5,5,1.6156,3.54396,1.12188e-06,9.09375e-07],
[11,300,10,10,1.11663,2.47712,1.63438e-06,1.03021e-06],
[11,300,20,20,1.04122,1.90397,1.74375e-06,1.13214e-06],
[11,300,50,50,1.04129,1.45801,1.74063e-06,1.2082e-06],
[11,300,100,100,1.02482,1.23856,1.7625e-06,1.26979e-06],
[11,300,200,200,1.01727,1.07653,1.80938e-06,1.32375e-06],
[11,300,500,300,0.996633,1,1.85625e-06,1.37216e-06],
[11,300,1000,300,1.05925,1,1.74063e-06,1.40286e-06],
[11,300,300,300,1.09556,1,1.83125e-06,1.43582e-06],
[0,3000,1,1,4.78571,inf,2.1e-05,2.1e-05],
[0,3000,2,2,4.02424,11.5507,2.32063e-05,2.21031e-05],
[0,3000,3,3,3.0826,7.28771,2.98125e-05,2.46729e-05],
[0,3000,4,4,2.80289,5.77537,3.6275e-05,2.75734e-05],
[0,3000,5,5,2.55631,4.97464,3.93438e-05,2.99275e-05],
[0,3000,10,10,2.07914,3.47712,5.00688e-05,3.32844e-05],
[0,3000,20,20,1.71876,2.67259,6.06688e-05,3.71964e-05],
[0,3000,50,50,1.35272,2.04661,8.34063e-05,4.29727e-05],
[0,3000,100,100,1.15548,1.73856,9.39e-05,4.86312e-05],
[0,3000,200,200,1.11726,1.51112,0.00010095,5.38631e-05],
[0,3000,500,500,1.08438,1.28831,0.000100062,5.80631e-05],
[0,3000,1000,1000,1.07637,1.15904,0.000100088,6.15651e-05],
[0,3000,3000,3000,1.0483,1,0.000103006,6.47529e-05],
[1,3000,1,1,6.69072,inf,1.57625e-05,1.57625e-05],
[1,3000,2,2,3.6003,11.5507,2.90688e-05,2.24156e-05],
[1,3000,3,3,3.06479,7.28771,3.43438e-05,2.63917e-05],
[1,3000,4,4,2.70368,5.77537,3.77125e-05,2.92219e-05],
[1,3000,5,5,2.70128,4.97464,3.94813e-05,3.12738e-05],
[1,3000,10,10,2.06559,3.47712,5.14563e-05,3.46375e-05],
[1,3000,20,20,1.71247,2.67259,6.29063e-05,3.86759e-05],
[1,3000,50,50,1.38323,2.04661,7.81687e-05,4.36125e-05],
[1,3000,100,100,1.16215,1.73856,9.25063e-05,4.90451e-05],
[1,3000,200,200,1.10704,1.51112,9.90875e-05,5.40494e-05],
[1,3000,500,500,1.09399,1.28831,9.955e-05,5.81858e-05],
[1,3000,1000,1000,1.07796,1.15904,9.99688e-05,6.16677e-05],
[1,3000,3000,3000,1.05883,1,0.00010125,6.47125e-05],
[2,3000,1,1,5.05619,inf,2.19125e-05,2.19125e-05],
[2,3000,2,2,3.36123,11.5507,3.11438e-05,2.65281e-05],
[2,3000,3,3,3.14369,7.28771,3.31875e-05,2.87479e-05],
[2,3000,4,4,3.34216,5.77537,2.97375e-05,2.89953e-05],
[2,3000,5,5,2.71386,4.97464,3.58e-05,3.03563e-05],
[2,3000,10,10,2.08216,3.47712,4.53375e-05,3.28531e-05],
[2,3000,20,20,1.662,2.67259,5.80813e-05,3.64571e-05],
[2,3000,50,50,1.28136,2.04661,7.235e-05,4.09438e-05],
[2,3000,100,100,1.20796,1.73856,8.57438e-05,4.59215e-05],
[2,3000,200,200,1.13078,1.51112,8.97e-05,5.02994e-05],
[2,3000,500,500,1.12821,1.28831,8.94063e-05,5.38545e-05],
[2,3000,1000,1000,1.10193,1.15904,9.14813e-05,5.69901e-05],
[2,3000,3000,3000,1.10294,1,9.07688e-05,5.95885e-05],
[3,3000,1,1,6.05315,inf,1.65812e-05,1.65812e-05],
[3,3000,2,2,4.0141,11.5507,2.26125e-05,1.95969e-05],
[3,3000,3,3,3.12645,7.28771,2.86188e-05,2.26042e-05],
[3,3000,4,4,2.64413,5.77537,3.43875e-05,2.555e-05],
[3,3000,5,5,2.55966,4.97464,3.55125e-05,2.75425e-05],
[3,3000,10,10,2.10177,3.47712,4.70438e-05,3.07927e-05],
[3,3000,20,20,1.64465,2.67259,5.99063e-05,3.49518e-05],
[3,3000,50,50,1.30645,2.04661,7.78063e-05,4.03086e-05],
[3,3000,100,100,1.14592,1.73856,8.80188e-05,4.56097e-05],
[3,3000,200,200,1.0844,1.51112,9.205e-05,5.02538e-05],
[3,3000,500,500,1.06751,1.28831,9.31375e-05,5.41523e-05],
[3,3000,1000,1000,1.04509,1.15904,9.50875e-05,5.75635e-05],
[3,3000,3000,3000,1.05525,1,9.57e-05,6.04971e-05],
[4,3000,1,1,5.18435,inf,1.99688e-05,1.99688e-05],
[4,3000,2,2,4.26474,11.5507,2.3325e-05,2.16469e-05],
[4,3000,3,3,2.93986,7.28771,3.34625e-05,2.55854e-05],
[4,3000,4,4,2.76333,5.77537,3.5175e-05,2.79828e-05],
[4,3000,5,5,2.54937,4.97464,3.7975e-05,2.99813e-05],
[4,3000,10,10,1.98864,3.47712,4.9525e-05,3.32385e-05],
[4,3000,20,20,1.67417,2.67259,6.05e-05,3.7133e-05],
[4,3000,50,50,1.33272,2.04661,7.41438e-05,4.17594e-05],
[4,3000,100,100,1.12704,1.73856,8.63875e-05,4.67181e-05],
[4,3000,200,200,1.11254,1.51112,9.1525e-05,5.11988e-05],
[4,3000,500,500,1.14263,1.28831,9.215e-05,5.49216e-05],
[4,3000,1000,1000,1.10497,1.15904,9.3475e-05,5.81344e-05],
[4,3000,3000,3000,1.11244,1,9.24938e-05,6.07774e-05],
[5,3000,1,1,8.09564,inf,1.24813e-05,1.24813e-05],
[5,3000,2,2,3.50621,11.5507,2.6175e-05,1.93281e-05],
[5,3000,3,3,3.45878,7.28771,2.68375e-05,2.18313e-05],
[5,3000,4,4,2.92333,5.77537,3.08938e-05,2.40969e-05],
[5,3000,5,5,2.72868,4.97464,3.5475e-05,2.63725e-05],
[5,3000,10,10,2.08159,3.47712,4.62688e-05,2.96885e-05],
[5,3000,20,20,1.64507,2.67259,5.73e-05,3.3633e-05],
[5,3000,50,50,1.34708,2.04661,7.50375e-05,3.88086e-05],
[5,3000,100,100,1.15263,1.73856,8.58688e-05,4.40375e-05],
[5,3000,200,200,1.09194,1.51112,9.10875e-05,4.87425e-05],
[5,3000,500,500,1.08961,1.28831,9.36688e-05,5.28267e-05],
[5,3000,1000,1000,1.09499,1.15904,9.27688e-05,5.61552e-05],
[5,3000,3000,3000,1.06091,1,9.47125e-05,5.91212e-05],
[6,3000,1,1,4.68147,inf,2.20938e-05,2.20938e-05],
[6,3000,2,2,4.07881,11.5507,2.41875e-05,2.31406e-05],
[6,3000,3,3,3.08011,7.28771,3.00375e-05,2.54396e-05],
[6,3000,4,4,2.91207,5.77537,3.14188e-05,2.69344e-05],
[6,3000,5,5,2.74077,4.97464,3.55375e-05,2.8655e-05],
[6,3000,10,10,2.08473,3.47712,4.59563e-05,3.15385e-05],
[6,3000,20,20,1.66722,2.67259,5.64563e-05,3.50982e-05],
[6,3000,50,50,1.35339,2.04661,7.31313e-05,3.98523e-05],
[6,3000,100,100,1.18808,1.73856,8.49375e-05,4.48618e-05],
[6,3000,200,200,1.1177,1.51112,8.97375e-05,4.93494e-05],
[6,3000,500,500,1.10728,1.28831,9.38563e-05,5.33955e-05],
[6,3000,1000,1000,1.11035,1.15904,9.16438e-05,5.65828e-05],
[6,3000,3000,3000,1.09265,1,9.20813e-05,5.93135e-05],
[7,3000,1,1,5.3805,inf,1.83313e-05,1.83313e-05],
[7,3000,2,2,3.23898,11.5507,2.8925e-05,2.36281e-05],
[7,3000,3,3,3.3319,7.28771,2.75875e-05,2.49479e-05],
[7,3000,4,4,2.65698,5.77537,3.42e-05,2.72609e-05],
[7,3000,5,5,2.38937,4.97464,4.14938e-05,3.01075e-05],
[7,3000,10,10,2.0818,3.47712,4.615e-05,3.27813e-05],
[7,3000,20,20,1.65888,2.67259,5.80625e-05,3.63929e-05],
[7,3000,50,50,1.30183,2.04661,7.63063e-05,4.1382e-05],
[7,3000,100,100,1.12897,1.73856,8.66938e-05,4.64167e-05],
[7,3000,200,200,1.06832,1.51112,9.16625e-05,5.09413e-05],
[7,3000,500,500,1.04329,1.28831,9.34e-05,5.48011e-05],
[7,3000,1000,1000,1.04412,1.15904,9.40562e-05,5.80724e-05],
[7,3000,3000,3000,1.07109,1,9.49438e-05,6.09087e-05],
[8,3000,1,1,5.99423,inf,1.73313e-05,1.73313e-05],
[8,3000,2,2,3.62471,11.5507,2.95438e-05,2.34375e-05],
[8,3000,3,3,3.49529,7.28771,3.05375e-05,2.58042e-05],
[8,3000,4,4,2.81473,5.77537,3.47813e-05,2.80484e-05],
[8,3000,5,5,2.6648,4.97464,3.5725e-05,2.95838e-05],
[8,3000,10,10,2.03074,3.47712,5.47e-05,3.37698e-05],
[8,3000,20,20,1.65508,2.67259,6.27313e-05,3.79071e-05],
[8,3000,50,50,1.32374,2.04661,7.59688e-05,4.26648e-05],
[8,3000,100,100,1.18889,1.73856,8.745e-05,4.7641e-05],
[8,3000,200,200,1.08147,1.51112,9.65813e-05,5.2535e-05],
[8,3000,500,500,1.07805,1.28831,9.86563e-05,5.67278e-05],
[8,3000,1000,1000,1.08686,1.15904,0.000103113,6.05932e-05],
[8,3000,3000,3000,1.05611,1,0.000101138,6.3712e-05],
[9,3000,1,1,5.76125,inf,1.81938e-05,1.81938e-05],
[9,3000,2,2,4.19138,11.5507,2.43625e-05,2.12781e-05],
[9,3000,3,3,3.57798,7.28771,2.62875e-05,2.29479e-05],
[9,3000,4,4,2.80177,5.77537,3.60063e-05,2.62125e-05],
[9,3000,5,5,2.68262,4.97464,3.76125e-05,2.84925e-05],
[9,3000,10,10,2.09426,3.47712,5.09875e-05,3.22417e-05],
[9,3000,20,20,1.70189,2.67259,6.06313e-05,3.62973e-05],
[9,3000,50,50,1.3468,2.04661,7.47e-05,4.10977e-05],
[9,3000,100,100,1.14781,1.73856,8.5625e-05,4.60451e-05],
[9,3000,200,200,1.13713,1.51112,9.4025e-05,5.08431e-05],
[9,3000,500,500,1.04737,1.28831,9.93438e-05,5.52523e-05],
[9,3000,1000,1000,1.07649,1.15904,9.47875e-05,5.85469e-05],
[9,3000,3000,3000,1.0613,1,9.96063e-05,6.17053e-05],
[10,3000,1,1,6.08057,inf,1.75313e-05,1.75313e-05],
[10,3000,2,2,3.31882,11.5507,2.88563e-05,2.31938e-05],
[10,3000,3,3,3.36215,7.28771,2.79063e-05,2.47646e-05],
[10,3000,4,4,2.69229,5.77537,3.43875e-05,2.71703e-05],
[10,3000,5,5,2.49533,4.97464,4.015e-05,2.97663e-05],
[10,3000,10,10,2.1585,3.47712,4.80688e-05,3.28167e-05],
[10,3000,20,20,1.71679,2.67259,5.98063e-05,3.66723e-05],
[10,3000,50,50,1.34299,2.04661,7.76625e-05,4.17961e-05],
[10,3000,100,100,1.12366,1.73856,8.77438e-05,4.69014e-05],
[10,3000,200,200,1.12503,1.51112,9.4125e-05,5.16238e-05],
[10,3000,500,500,1.06179,1.28831,0.000106913,5.665e-05],
[10,3000,1000,1000,1.06632,1.15904,9.83813e-05,6.01276e-05],
[10,3000,3000,3000,1.04733,1,0.000101406,6.33029e-05],
[11,3000,1,1,6.36271,inf,1.65938e-05,1.65938e-05],
[11,3000,2,2,3.66265,11.5507,2.79938e-05,2.22938e-05],
[11,3000,3,3,2.93411,7.28771,3.42438e-05,2.62771e-05],
[11,3000,4,4,2.62218,5.77537,3.90563e-05,2.94719e-05],
[11,3000,5,5,2.54251,4.97464,3.85937e-05,3.12963e-05],
[11,3000,10,10,2.04368,3.47712,5.13688e-05,3.46417e-05],
[11,3000,20,20,1.74477,2.67259,5.82313e-05,3.80116e-05],
[11,3000,50,50,1.31366,2.04661,7.61375e-05,4.27773e-05],
[11,3000,100,100,1.19336,1.73856,8.72063e-05,4.77139e-05],
[11,3000,200,200,1.11988,1.51112,9.60313e-05,5.25456e-05],
[11,3000,500,500,1.11369,1.28831,9.82938e-05,5.67045e-05],
[11,3000,1000,1000,1.10138,1.15904,9.52438e-05,5.99161e-05],
[11,3000,3000,3000,1.0786,1,9.65375e-05,6.27332e-05],
[0,30000,1,1,6.85716,inf,0.000216238,0.000216238],
[0,30000,2,2,4.62527,14.8727,0.00034805,0.000282144],
[0,30000,3,3,4.75534,9.38361,0.000333775,0.000299354],
[0,30000,4,4,3.67275,7.43634,0.000427425,0.000331372],
[0,30000,5,5,3.25777,6.40531,0.000487013,0.0003625],
[0,30000,10,10,2.78407,4.47712,0.000576112,0.000398102],
[0,30000,20,20,2.37291,3.44121,0.000656888,0.000435071],
[0,30000,50,50,1.82051,2.6352,0.000902213,0.000493464],
[0,30000,100,100,1.70369,2.23856,0.000909213,0.000539658],
[0,30000,200,200,1.49314,1.9457,0.00101954,0.000587646],
[0,30000,500,500,1.27048,1.65883,0.00114069,0.000637923],
[0,30000,1000,1000,1.29366,1.49237,0.00129396,0.000692593],
[0,30000,30000,30000,1.0748,1,0.0014147,0.000748139],
[1,30000,1,1,6.73464,inf,0.000219888,0.000219888],
[1,30000,2,2,5.12881,14.8727,0.000282788,0.000251338],
[1,30000,3,3,4.35775,9.38361,0.000348775,0.000283817],
[1,30000,4,4,3.65197,7.43634,0.0004088,0.000315063],
[1,30000,5,5,3.32248,6.40531,0.000446888,0.000341428],
[1,30000,10,10,3.43028,4.47712,0.000563262,0.0003784],
[1,30000,20,20,2.31848,3.44121,0.000674738,0.000420734],
[1,30000,50,50,1.98114,2.6352,0.0007756,0.000465092],
[1,30000,100,100,1.70978,2.23856,0.000867475,0.000509801],
[1,30000,200,200,1.49656,1.9457,0.000992925,0.000558114],
[1,30000,500,500,1.25734,1.65883,0.00117978,0.000614628],
[1,30000,1000,1000,1.16148,1.49237,0.0012916,0.000671043],
[1,30000,30000,30000,1.05497,1,0.00147263,0.000732703],
[2,30000,1,1,6.27273,inf,0.0002387,0.0002387],
[2,30000,2,2,4.44902,14.8727,0.000335925,0.000287313],
[2,30000,3,3,4.0808,9.38361,0.000352088,0.000308904],
[2,30000,4,4,4.12832,7.43634,0.000356338,0.000320762],
[2,30000,5,5,3.4395,6.40531,0.000431288,0.000342868],
[2,30000,10,10,2.84554,4.47712,0.000507487,0.000370304],
[2,30000,20,20,2.36021,3.44121,0.000637225,0.000408436],
[2,30000,50,50,2.1829,2.6352,0.000815475,0.000459316],
[2,30000,100,100,1.62686,2.23856,0.000922875,0.000510822],
[2,30000,200,200,1.47653,1.9457,0.00100334,0.000560074],
[2,30000,500,500,1.25974,1.65883,0.00126198,0.000623883],
[2,30000,1000,1000,1.13839,1.49237,0.00138108,0.000686982],
[2,30000,30000,30000,1.07371,1,0.00143828,0.000744774],
[3,30000,1,1,8.74778,inf,0.000205375,0.000205375],
[3,30000,2,2,4.97696,14.8727,0.000340138,0.000272756],
[3,30000,3,3,4.31616,9.38361,0.00036105,0.000302187],
[3,30000,4,4,3.44335,7.43634,0.000439663,0.000336556],
[3,30000,5,5,3.45456,6.40531,0.0004682,0.000362885],
[3,30000,10,10,2.84034,4.47712,0.00054225,0.000392779],
[3,30000,20,20,2.41604,3.44121,0.000605525,0.000423171],
[3,30000,50,50,1.90612,2.6352,0.000795313,0.000469689],
[3,30000,100,100,1.8034,2.23856,0.00101694,0.000530494],
[3,30000,200,200,1.50587,1.9457,0.00101773,0.000579217],
[3,30000,500,500,1.30279,1.65883,0.00114061,0.000630253],
[3,30000,1000,1000,1.18365,1.49237,0.00127835,0.000684261],
[3,30000,30000,30000,1.07974,1,0.00138745,0.000738353],
[4,30000,1,1,6.49008,inf,0.00023195,0.00023195],
[4,30000,2,2,4.9908,14.8727,0.000300263,0.000266106],
[4,30000,3,3,5.13603,9.38361,0.000371613,0.000301275],
[4,30000,4,4,3.80841,7.43634,0.000402488,0.000326578],
[4,30000,5,5,3.52979,6.40531,0.000420375,0.000345338],
[4,30000,10,10,2.92864,4.47712,0.000510775,0.00037291],
[4,30000,20,20,2.34484,3.44121,0.000624463,0.000408846],
[4,30000,50,50,1.96478,2.6352,0.000760913,0.000452855],
[4,30000,100,100,1.72639,2.23856,0.000867525,0.000498929],
[4,30000,200,200,1.49956,1.9457,0.000999088,0.000548945],
[4,30000,500,500,1.25949,1.65883,0.00114346,0.000602992],
[4,30000,1000,1000,1.11137,1.49237,0.00132028,0.000662766],
[4,30000,30000,30000,1.07136,1,0.00134773,0.000715455],
[5,30000,1,1,6.24361,inf,0.00023275,0.00023275],
[5,30000,2,2,5.57598,14.8727,0.000263788,0.000248269],
[5,30000,3,3,4.12507,9.38361,0.000359313,0.000285283],
[5,30000,4,4,4.08084,7.43634,0.00043695,0.0003232],
[5,30000,5,5,3.50558,6.40531,0.0004276,0.00034408],
[5,30000,10,10,2.75286,4.47712,0.000539075,0.000376579],
[5,30000,20,20,2.40179,3.44121,0.000616925,0.000410914],
[5,30000,50,50,1.97898,2.6352,0.0007503,0.000453338],
[5,30000,100,100,1.68408,2.23856,0.000873125,0.000499981],
[5,30000,200,200,1.49455,1.9457,0.0010055,0.000550533],
[5,30000,500,500,1.01244,1.65883,0.00155279,0.000641647],
[5,30000,1000,1000,1.16759,1.49237,0.00132878,0.000698907],
[5,30000,30000,30000,1.0423,1,0.00145519,0.000757083],
[6,30000,1,1,6.23726,inf,0.000234238,0.000234238],
[6,30000,2,2,5.14871,14.8727,0.000291163,0.0002627],
[6,30000,3,3,4.41021,9.38361,0.000343788,0.000289729],
[6,30000,4,4,3.29434,7.43634,0.000485963,0.000338788],
[6,30000,5,5,3.35095,6.40531,0.0004682,0.00036467],
[6,30000,10,10,2.84882,4.47712,0.00054845,0.0003953],
[6,30000,20,20,2.5022,3.44121,0.000626737,0.000428363],
[6,30000,50,50,1.97281,2.6352,0.0007853,0.00047298],
[6,30000,100,100,1.74268,2.23856,0.000891513,0.000519483],
[6,30000,200,200,1.51606,1.9457,0.00102321,0.000569856],
[6,30000,500,500,1.46282,1.65883,0.00121565,0.000628565],
[6,30000,1000,1000,1.11828,1.49237,0.00139273,0.000692245],
[6,30000,30000,30000,1.07679,1,0.00144868,0.000750432],
[7,30000,1,1,6.78133,inf,0.000227513,0.000227513],
[7,30000,2,2,4.99714,14.8727,0.000314238,0.000270875],
[7,30000,3,3,4.22033,9.38361,0.000389188,0.000310313],
[7,30000,4,4,3.95742,7.43634,0.00044035,0.000342822],
[7,30000,5,5,3.49444,6.40531,0.000462363,0.00036673],
[7,30000,10,10,2.77845,4.47712,0.000566525,0.000400029],
[7,30000,20,20,2.43724,3.44121,0.000631913,0.000433155],
[7,30000,50,50,2.00098,2.6352,0.000763512,0.00047445],
[7,30000,100,100,1.69063,2.23856,0.00091075,0.000522928],
[7,30000,200,200,1.47934,1.9457,0.00104422,0.000575057],
[7,30000,500,500,1.05636,1.65883,0.0014965,0.000658825],
[7,30000,1000,1000,1.17521,1.49237,0.0012964,0.000711956],
[7,30000,30000,30000,1.06808,1,0.00140901,0.000765576],
[8,30000,1,1,6.59743,inf,0.000230113,0.000230113],
[8,30000,2,2,4.82285,14.8727,0.00030405,0.000267081],
[8,30000,3,3,4.62258,9.38361,0.000319075,0.000284413],
[8,30000,4,4,3.7079,7.43634,0.000416088,0.000317331],
[8,30000,5,5,3.30081,6.40531,0.000470475,0.00034796],
[8,30000,10,10,2.84259,4.47712,0.000551338,0.000381856],
[8,30000,20,20,2.33868,3.44121,0.000629238,0.000417196],
[8,30000,50,50,1.95123,2.6352,0.000759763,0.000460017],
[8,30000,100,100,1.68739,2.23856,0.000871888,0.000505781],
[8,30000,200,200,1.52669,1.9457,0.000988738,0.000554076],
[8,30000,500,500,1.16709,1.65883,0.0014486,0.000635397],
[8,30000,1000,1000,1.12093,1.49237,0.00135898,0.000695695],
[8,30000,30000,30000,1.03892,1,0.00142293,0.000751636],
[9,30000,1,1,6.87277,inf,0.000217513,0.000217513],
[9,30000,2,2,5.21845,14.8727,0.000288288,0.0002529],
[9,30000,3,3,4.54026,9.38361,0.000327388,0.000277729],
[9,30000,4,4,4.03592,7.43634,0.000383837,0.000304256],
[9,30000,5,5,4.07029,6.40531,0.000468613,0.000337128],
[9,30000,10,10,2.78285,4.47712,0.000567125,0.00037546],
[9,30000,20,20,2.34881,3.44121,0.00064975,0.000414645],
[9,30000,50,50,1.96567,2.6352,0.000775888,0.0004598],
[9,30000,100,100,1.62378,2.23856,0.00090975,0.000509794],
[9,30000,200,200,1.44896,1.9457,0.0010484,0.000563655],
[9,30000,500,500,1.4294,1.65883,0.00128099,0.000628867],
[9,30000,1000,1000,1.15885,1.49237,0.00140328,0.000693401],
[9,30000,30000,30000,1.05923,1,0.0014415,0.000750947],
[10,30000,1,1,8.016,inf,0.000189063,0.000189063],
[10,30000,2,2,4.39312,14.8727,0.000344713,0.000266888],
[10,30000,3,3,3.905,9.38361,0.000399613,0.000311129],
[10,30000,4,4,3.8893,7.43634,0.0004003,0.000333422],
[10,30000,5,5,3.5244,6.40531,0.000439025,0.000354543],
[10,30000,10,10,2.78217,4.47712,0.000551575,0.000387381],
[10,30000,20,20,2.32431,3.44121,0.000667563,0.000427407],
[10,30000,50,50,1.90701,2.6352,0.000767925,0.000469972],
[10,30000,100,100,1.6974,2.23856,0.000881825,0.000515733],
[10,30000,200,200,1.4718,1.9457,0.00102748,0.000566908],
[10,30000,500,500,1.26739,1.65883,0.00117644,0.000622319],
[10,30000,1000,1000,1.16556,1.49237,0.001276,0.000676793],
[10,30000,30000,30000,1.10885,1,0.00136719,0.0007299],
[11,30000,1,1,7.92997,inf,0.000184388,0.000184388],
[11,30000,2,2,5.46456,14.8727,0.000266813,0.0002256],
[11,30000,3,3,4.21326,9.38361,0.0003474,0.0002662],
[11,30000,4,4,3.76435,7.43634,0.000397313,0.000298978],
[11,30000,5,5,3.64541,6.40531,0.000433213,0.000325825],
[11,30000,10,10,2.91158,4.47712,0.000529687,0.000359802],
[11,30000,20,20,2.42383,3.44121,0.000639262,0.000399725],
[11,30000,50,50,1.96281,2.6352,0.000816113,0.000451773],
[11,30000,100,100,1.68244,2.23856,0.00101474,0.000514325],
[11,30000,200,200,1.50654,1.9457,0.00110435,0.000573328],
[11,30000,500,500,1.26737,1.65883,0.00125541,0.000635335],
[11,30000,1000,1000,1.18333,1.49237,0.00135204,0.00069506],
[11,30000,30000,30000,1.04103,1,0.00160633,0.000765158],
[0,300000,1,1,8.30922,inf,0.00260042,0.00260042],
[0,300000,2,2,5.47356,18.1946,0.00360208,0.00310125],
[0,300000,3,3,4.94415,11.4795,0.00421735,0.00347328],
[0,300000,4,4,5.03621,9.0973,0.00392805,0.00358698],
[0,300000,5,5,4.71642,7.83599,0.0042646,0.0037225],
[0,300000,10,10,3.53894,5.47712,0.00543758,0.00400835],
[0,300000,20,20,3.02248,4.20983,0.00667163,0.00438881],
[0,300000,50,50,2.50089,3.22379,0.00753458,0.00478203],
[0,300000,100,100,2.33125,2.73856,0.0090205,0.00525298],
[0,300000,200,200,1.91879,2.38029,0.0098987,0.00571755],
[0,300000,500,500,1.60056,2.02934,0.0115753,0.00625007],
[0,300000,1000,1000,1.54951,1.82571,0.0128824,0.00680277],
[0,300000,300000,300000,1.0299,1,0.0183094,0.00768789],
[1,300000,1,1,10.7055,inf,0.00174495,0.00174495],
[1,300000,2,2,7.87965,18.1946,0.00255663,0.00215079],
[1,300000,3,3,5.40645,11.4795,0.0034259,0.00257583],
[1,300000,4,4,4.93705,9.0973,0.00394977,0.00291931],
[1,300000,5,5,4.51812,7.83599,0.0041276,0.00316097],
[1,300000,10,10,3.73371,5.47712,0.0055032,0.00355134],
[1,300000,20,20,3.19319,4.20983,0.00582263,0.00387581],
[1,300000,50,50,2.5495,3.22379,0.0077816,0.00436403],
[1,300000,100,100,2.23209,2.73856,0.00818217,0.00478827],
[1,300000,200,200,2.07476,2.38029,0.00944633,0.00525408],
[1,300000,500,500,1.69713,2.02934,0.0107264,0.00575156],
[1,300000,1000,1000,1.55535,1.82571,0.0123239,0.00629925],
[1,300000,300000,300000,1.06332,1,0.0182252,0.00721663],
[2,300000,1,1,6.9307,inf,0.00279205,0.00279205],
[2,300000,2,2,6.51545,18.1946,0.00309253,0.00294229],
[2,300000,3,3,4.81328,11.4795,0.00393205,0.00327221],
[2,300000,4,4,4.70062,9.0973,0.00395888,0.00344388],
[2,300000,5,5,4.16883,7.83599,0.00430268,0.00361564],
[2,300000,10,10,3.63045,5.47712,0.00502745,0.00385094],
[2,300000,20,20,3.00425,4.20983,0.00597605,0.00415453],
[2,300000,50,50,2.43995,3.22379,0.00765713,0.00459235],
[2,300000,100,100,2.1957,2.73856,0.00830135,0.00500446],
[2,300000,200,200,1.9859,2.38029,0.0094762,0.00545164],
[2,300000,500,500,1.68309,2.02934,0.0107039,0.00592911],
[2,300000,1000,1000,1.53685,1.82571,0.0120247,0.00643708],
[2,300000,300000,300000,1.03711,1,0.0179058,0.00731929],
[3,300000,1,1,8.43941,inf,0.0021225,0.0021225],
[3,300000,2,2,6.16099,18.1946,0.00293545,0.00252898],
[3,300000,3,3,4.73763,11.4795,0.00375833,0.00293876],
[3,300000,4,4,4.47415,9.0973,0.00403978,0.00321401],
[3,300000,5,5,4.57109,7.83599,0.0038995,0.00335111],
[3,300000,10,10,3.44565,5.47712,0.00525065,0.0036677],
[3,300000,20,20,3.02294,4.20983,0.00586863,0.00398212],
[3,300000,50,50,2.47401,3.22379,0.00740088,0.00440946],
[3,300000,100,100,2.20479,2.73856,0.00809913,0.00481942],
[3,300000,200,200,1.92813,2.38029,0.00996367,0.00533385],
[3,300000,500,500,1.66207,2.02934,0.0106708,0.00581903],
[3,300000,1000,1000,1.53805,1.82571,0.0116956,0.00630874],
[3,300000,300000,300000,1.07029,1,0.0169392,0.00712647],
[4,300000,1,1,7.60504,inf,0.00234708,0.00234708],
[4,300000,2,2,5.50327,18.1946,0.003298,0.00282254],
[4,300000,3,3,4.98096,11.4795,0.00359045,0.00307851],
[4,300000,4,4,4.74959,9.0973,0.00383495,0.00326762],
[4,300000,5,5,4.43921,7.83599,0.00401183,0.00341646],
[4,300000,10,10,3.6283,5.47712,0.00498813,0.0036784],
[4,300000,20,20,3.1687,4.20983,0.00586178,0.00399031],
[4,300000,50,50,2.4561,3.22379,0.00749108,0.00442791],
[4,300000,100,100,2.23612,2.73856,0.00796233,0.00482062],
[4,300000,200,200,1.99216,2.38029,0.00902487,0.00524105],
[4,300000,500,500,1.73507,2.02934,0.0103545,0.0057059],
[4,300000,1000,1000,1.55871,1.82571,0.0114817,0.00618722],
[4,300000,300000,300000,1.0497,1,0.016973,0.00701689],
[5,300000,1,1,7.78567,inf,0.00230083,0.00230083],
[5,300000,2,2,6.61314,18.1946,0.00276345,0.00253214],
[5,300000,3,3,4.90599,11.4795,0.00363985,0.00290137],
[5,300000,4,4,4.22976,9.0973,0.00451973,0.00330596],
[5,300000,5,5,4.25839,7.83599,0.0042418,0.00349313],
[5,300000,10,10,3.41967,5.47712,0.00529818,0.00379397],
[5,300000,20,20,3.0653,4.20983,0.00583423,0.00408544],
[5,300000,50,50,2.48856,3.22379,0.00727028,0.00448354],
[5,300000,100,100,2.15472,2.73856,0.00826555,0.00490376],
[5,300000,200,200,1.9359,2.38029,0.0093848,0.00535187],
[5,300000,500,500,1.68689,2.02934,0.0105426,0.00582375],
[5,300000,1000,1000,1.53448,1.82571,0.0116665,0.00631065],
[5,300000,300000,300000,1.05547,1,0.0169277,0.00712735],
[6,300000,1,1,9.75591,inf,0.00195745,0.00195745],
[6,300000,2,2,5.60524,18.1946,0.00329643,0.00262694],
[6,300000,3,3,5.18696,11.4795,0.00346038,0.00290475],
[6,300000,4,4,4.75283,9.0973,0.00387253,0.00314669],
[6,300000,5,5,4.3821,7.83599,0.0040908,0.00333551],
[6,300000,10,10,3.58813,5.47712,0.00511185,0.00363157],
[6,300000,20,20,3.04089,4.20983,0.00589668,0.00395516],
[6,300000,50,50,2.56291,3.22379,0.00713013,0.00435203],
[6,300000,100,100,2.22743,2.73856,0.00804133,0.00476195],
[6,300000,200,200,1.96041,2.38029,0.0093035,0.00521611],
[6,300000,500,500,1.71771,2.02934,0.0104434,0.00569132],
[6,300000,1000,1000,1.49541,1.82571,0.0125469,0.00626261],
[6,300000,300000,300000,1.07691,1,0.0166823,0.00706413],
[7,300000,1,1,9.05493,inf,0.00196285,0.00196285],
[7,300000,2,2,6.22694,18.1946,0.0028605,0.00241168],
[7,300000,3,3,4.9814,11.4795,0.0035956,0.00280632],
[7,300000,4,4,4.66053,9.0973,0.00388758,0.00307663],
[7,300000,5,5,4.41576,7.83599,0.00404125,0.00326956],
[7,300000,10,10,3.62408,5.47712,0.00503988,0.00356461],
[7,300000,20,20,3.11775,4.20983,0.0057152,0.00387184],
[7,300000,50,50,2.55563,3.22379,0.00712198,0.0042781],
[7,300000,100,100,2.22595,2.73856,0.00832638,0.00472791],
[7,300000,200,200,1.97773,2.38029,0.00908513,0.00516363],
[7,300000,500,500,1.71699,2.02934,0.0103638,0.00563637],
[7,300000,1000,1000,1.53791,1.82571,0.0115182,0.00612652],
[7,300000,300000,300000,1.07147,1,0.0165881,0.00693126],
[8,300000,1,1,8.26544,inf,0.0021537,0.0021537],
[8,300000,2,2,6.59214,18.1946,0.00275303,0.00245336],
[8,300000,3,3,5.9544,11.4795,0.00298348,0.00263007],
[8,300000,4,4,4.70094,9.0973,0.00384658,0.00293419],
[8,300000,5,5,4.35809,7.83599,0.0040761,0.00316257],
[8,300000,10,10,3.80131,5.47712,0.0048495,0.00344373],
[8,300000,20,20,3.00886,4.20983,0.00614925,0.00383023],
[8,300000,50,50,2.58095,3.22379,0.00701328,0.00422811],
[8,300000,100,100,2.17834,2.73856,0.0081951,0.00466889],
[8,300000,200,200,1.96882,2.38029,0.0090551,0.00510751],
[8,300000,500,500,1.72097,2.02934,0.0105338,0.0056008],
[8,300000,1000,1000,1.54781,1.82571,0.0115616,0.00609754],
[8,300000,300000,300000,1.06326,1,0.0169107,0.00692932],
[9,300000,1,1,7.1896,inf,0.0025253,0.0025253],
[9,300000,2,2,5.6691,18.1946,0.00320343,0.00286436],
[9,300000,3,3,5.20388,11.4795,0.00349395,0.00307422],
[9,300000,4,4,5.00824,9.0973,0.00373405,0.00323918],
[9,300000,5,5,4.65739,7.83599,0.00386043,0.00336343],
[9,300000,10,10,3.65484,5.47712,0.005072,0.00364819],
[9,300000,20,20,3.15613,4.20983,0.00575003,0.00394845],
[9,300000,50,50,2.50008,3.22379,0.00731343,0.00436908],
[9,300000,100,100,2.24009,2.73856,0.00796825,0.00476898],
[9,300000,200,200,1.97054,2.38029,0.00929295,0.00522138],
[9,300000,500,500,1.70392,2.02934,0.0105719,0.00570779],
[9,300000,1000,1000,1.54701,1.82571,0.0117546,0.0062117],
[9,300000,300000,300000,1.06315,1,0.0174411,0.0070755],
[10,300000,1,1,7.66365,inf,0.00232633,0.00232633],
[10,300000,2,2,5.9499,18.1946,0.0030476,0.00268696],
[10,300000,3,3,5.11017,11.4795,0.0034742,0.00294938],
[10,300000,4,4,4.72957,9.0973,0.0038159,0.00316601],
[10,300000,5,5,4.31619,7.83599,0.00411428,0.00335566],
[10,300000,10,10,3.59291,5.47712,0.00503345,0.00363529],
[10,300000,20,20,2.97373,4.20983,0.00599063,0.00397177],
[10,300000,50,50,2.40559,3.22379,0.0074697,0.00440901],
[10,300000,100,100,2.20095,2.73856,0.00808808,0.00481779],
[10,300000,200,200,1.94545,2.38029,0.00915758,0.00525177],
[10,300000,500,500,1.70907,2.02934,0.010995,0.00577388],
[10,300000,1000,1000,1.53606,1.82571,0.0117148,0.00626896],
[10,300000,300000,300000,1.05678,1,0.0168486,0.00708278],
[11,300000,1,1,7.88905,inf,0.00224515,0.00224515],
[11,300000,2,2,6.635,18.1946,0.0027672,0.00250618],
[11,300000,3,3,5.39846,11.4795,0.0033242,0.00277885],
[11,300000,4,4,4.43032,9.0973,0.00406608,0.00310066],
[11,300000,5,5,4.64873,7.83599,0.00388103,0.00325673],
[11,300000,10,10,3.72496,5.47712,0.00488543,0.00352818],
[11,300000,20,20,3.08598,4.20983,0.00578248,0.00385022],
[11,300000,50,50,2.51082,3.22379,0.00742848,0.0042975],
[11,300000,100,100,2.19097,2.73856,0.00836148,0.00474906],
[11,300000,200,200,1.95499,2.38029,0.00914142,0.00518829],
[11,300000,500,500,1.69166,2.02934,0.01055,0.00567572],
[11,300000,1000,1000,1.54629,1.82571,0.0118718,0.00619206],
[11,300000,300000,300000,1.06227,1,0.0168574,0.00701247],
[0,3000000,1,1,13.7875,inf,0.0165773,0.0165773],
[0,3000000,2,2,6.84694,21.5165,0.0326417,0.0246095],
[0,3000000,3,3,6.83539,13.5754,0.0328135,0.0273442],
[0,3000000,4,4,5.22205,10.7583,0.0425928,0.0311563],
[0,3000000,5,5,5.36137,9.26667,0.0423009,0.0333852],
[0,3000000,10,10,3.9696,6.47712,0.056032,0.0371597],
[0,3000000,20,20,3.27952,4.97846,0.0680792,0.0415768],
[0,3000000,50,50,2.89873,3.81238,0.0764664,0.045938],
[0,3000000,100,100,2.66249,3.23856,0.0849791,0.0502759],
[0,3000000,200,200,2.38915,2.81488,0.0941331,0.0546616],
[0,3000000,500,500,2.05227,2.39985,0.108467,0.059553],
[0,3000000,1000,1000,1.86114,2.15904,0.119927,0.0645842],
[0,3000000,3000000,3000000,1.07246,1,0.207444,0.0755734],
[1,3000000,1,1,8.15948,inf,0.0261844,0.0261844],
[1,3000000,2,2,6.98007,21.5165,0.031164,0.0286742],
[1,3000000,3,3,6.28214,13.5754,0.0339532,0.0304338],
[1,3000000,4,4,5.50536,10.7583,0.0393601,0.0326654],
[1,3000000,5,5,4.99002,9.26667,0.0428396,0.0347002],
[1,3000000,10,10,4.29067,6.47712,0.0505054,0.0373344],
[1,3000000,20,20,3.52219,4.97846,0.0605711,0.0406539],
[1,3000000,50,50,2.99592,3.81238,0.072067,0.0445806],
[1,3000000,100,100,2.65239,3.23856,0.0807981,0.0486047],
[1,3000000,200,200,2.39284,2.81488,0.0904388,0.0527882],
[1,3000000,500,500,2.02671,2.39985,0.105365,0.0575679],
[1,3000000,1000,1000,1.90599,2.15904,0.112607,0.0621545],
[1,3000000,3000000,3000000,1.06575,1,0.201061,0.0728397],
[2,3000000,1,1,10.8793,inf,0.0196824,0.0196824],
[2,3000000,2,2,6.34622,21.5165,0.0337072,0.0266948],
[2,3000000,3,3,6.84775,13.5754,0.0311003,0.0281633],
[2,3000000,4,4,5.10395,10.7583,0.0422562,0.0316865],
[2,3000000,5,5,4.92174,9.26667,0.0452046,0.0343901],
[2,3000000,10,10,3.95893,6.47712,0.0585025,0.0384089],
[2,3000000,20,20,3.36556,4.97846,0.0677724,0.0426037],
[2,3000000,50,50,2.80408,3.81238,0.0786124,0.0471047],
[2,3000000,100,100,2.48788,3.23856,0.0870429,0.0515423],
[2,3000000,200,200,2.22801,2.81488,0.0964357,0.0560316],
[2,3000000,500,500,2.00653,2.39985,0.1108,0.0610106],
[2,3000000,1000,1000,1.71378,2.15904,0.132096,0.0669343],
[2,3000000,3000000,3000000,1.05192,1,0.208951,0.0778587],
[3,3000000,1,1,10.2363,inf,0.0211691,0.0211691],
[3,3000000,2,2,6.51022,21.5165,0.0339791,0.0275741],
[3,3000000,3,3,6.19874,13.5754,0.0348132,0.0299872],
[3,3000000,4,4,4.92423,10.7583,0.0437596,0.0334303],
[3,3000000,5,5,4.68779,9.26667,0.0457148,0.0358872],
[3,3000000,10,10,4.11627,6.47712,0.0523011,0.0386228],
[3,3000000,20,20,3.42647,4.97846,0.062815,0.0420788],
[3,3000000,50,50,2.96497,3.81238,0.0734541,0.0460007],
[3,3000000,100,100,2.49554,3.23856,0.0875363,0.0506158],
[3,3000000,200,200,2.26045,2.81488,0.0953731,0.0550915],
[3,3000000,500,500,2.03871,2.39985,0.106079,0.0597267],
[3,3000000,1000,1000,1.88833,2.15904,0.114784,0.0643148],
[3,3000000,3000000,3000000,1.06111,1,0.202456,0.074941],
[4,3000000,1,1,9.25698,inf,0.0232181,0.0232181],
[4,3000000,2,2,7.33623,21.5165,0.0296532,0.0264356],
[4,3000000,3,3,5.5792,13.5754,0.0383354,0.0304022],
[4,3000000,4,4,5.06744,10.7583,0.0428846,0.0335228],
[4,3000000,5,5,5.21265,9.26667,0.0411921,0.0350567],
[4,3000000,10,10,4.22802,6.47712,0.0514185,0.0377836],
[4,3000000,20,20,3.50955,4.97846,0.0614031,0.0411578],
[4,3000000,50,50,2.78278,3.81238,0.0770875,0.045649],
[4,3000000,100,100,2.61622,3.23856,0.0829428,0.0497928],
[4,3000000,200,200,2.30658,2.81488,0.0928257,0.0540961],
[4,3000000,500,500,2.02339,2.39985,0.106524,0.0588622],
[4,3000000,1000,1000,1.86324,2.15904,0.11501,0.0635412],
[4,3000000,3000000,3000000,1.05068,1,0.20401,0.0743465],
[5,3000000,1,1,10.8108,inf,0.020046,0.020046],
[5,3000000,2,2,7.00615,21.5165,0.0306362,0.0253411],
[5,3000000,3,3,5.6369,13.5754,0.0381577,0.0296133],
[5,3000000,4,4,5.51962,10.7583,0.039081,0.0319802],
[5,3000000,5,5,5.03765,9.26667,0.0430643,0.034197],
[5,3000000,10,10,4.05925,6.47712,0.0527574,0.0372904],
[5,3000000,20,20,3.30932,4.97846,0.0648253,0.041224],
[5,3000000,50,50,2.88892,3.81238,0.0740603,0.0453285],
[5,3000000,100,100,2.58009,3.23856,0.0837337,0.0495957],
[5,3000000,200,200,2.25905,2.81488,0.0945796,0.0540941],
[5,3000000,500,500,2.04244,2.39985,0.105093,0.0587304],
[5,3000000,1000,1000,1.8896,2.15904,0.114931,0.0634138],
[5,3000000,3000000,3000000,1.05023,1,0.203737,0.0742078],
[6,3000000,1,1,9.82457,inf,0.0218359,0.0218359],
[6,3000000,2,2,6.37623,21.5165,0.0339516,0.0278937],
[6,3000000,3,3,6.00629,13.5754,0.0358588,0.0305487],
[6,3000000,4,4,5.37926,10.7583,0.0403105,0.0329892],
[6,3000000,5,5,4.86152,9.26667,0.0440022,0.0351918],
[6,3000000,10,10,3.99024,6.47712,0.0541915,0.0383584],
[6,3000000,20,20,3.39321,4.97846,0.0637039,0.0419792],
[6,3000000,50,50,2.81489,3.81238,0.0762839,0.0462673],
[6,3000000,100,100,2.55572,3.23856,0.084119,0.050473],
[6,3000000,200,200,2.33503,2.81488,0.0937744,0.0548031],
[6,3000000,500,500,2.05631,2.39985,0.105843,0.0594431],
[6,3000000,1000,1000,1.85262,2.15904,0.116008,0.0641568],
[6,3000000,3000000,3000000,1.05366,1,0.21195,0.0755255],
[7,3000000,1,1,10.3816,inf,0.0207371,0.0207371],
[7,3000000,2,2,6.37819,21.5165,0.0333895,0.0270633],
[7,3000000,3,3,5.46549,13.5754,0.0392487,0.0311251],
[7,3000000,4,4,5.29084,10.7583,0.0403624,0.0334344],
[7,3000000,5,5,4.72839,9.26667,0.0450827,0.0357641],
[7,3000000,10,10,4.24771,6.47712,0.0506014,0.0382369],
[7,3000000,20,20,3.31989,4.97846,0.0642661,0.0419554],
[7,3000000,50,50,2.90894,3.81238,0.0736784,0.0459208],
[7,3000000,100,100,2.6054,3.23856,0.0832233,0.0500655],
[7,3000000,200,200,2.32019,2.81488,0.0918129,0.0542402],
[7,3000000,500,500,1.99906,2.39985,0.106654,0.0590051],
[7,3000000,1000,1000,1.85295,2.15904,0.115222,0.0636898],
[7,3000000,3000000,3000000,1.06979,1,0.199153,0.07411],
[8,3000000,1,1,8.17232,inf,0.0263888,0.0263888],
[8,3000000,2,2,7.27088,21.5165,0.0294133,0.027901],
[8,3000000,3,3,5.73972,13.5754,0.0375996,0.0311339],
[8,3000000,4,4,5.70543,10.7583,0.0372772,0.0326697],
[8,3000000,5,5,4.99511,9.26667,0.0430988,0.0347555],
[8,3000000,10,10,4.35924,6.47712,0.0488277,0.0371009],
[8,3000000,20,20,3.55688,4.97846,0.0611714,0.0405395],
[8,3000000,50,50,2.93138,3.81238,0.0727026,0.0445599],
[8,3000000,100,100,2.59234,3.23856,0.0829782,0.0488286],
[8,3000000,200,200,2.37383,2.81488,0.0908366,0.0530294],
[8,3000000,500,500,2.05428,2.39985,0.103581,0.057625],
[8,3000000,1000,1000,1.84375,2.15904,0.115682,0.062463],
[8,3000000,3000000,3000000,1.08537,1,0.198911,0.072959],
[9,3000000,1,1,8.68821,inf,0.0242417,0.0242417],
[9,3000000,2,2,6.78087,21.5165,0.0315162,0.0278789],
[9,3000000,3,3,6.00202,13.5754,0.0351838,0.0303139],
[9,3000000,4,4,5.66243,10.7583,0.0377729,0.0321786],
[9,3000000,5,5,4.91086,9.26667,0.0429425,0.0343314],
[9,3000000,10,10,4.08586,6.47712,0.0524616,0.0373531],
[9,3000000,20,20,3.47351,4.97846,0.0609572,0.0407251],
[9,3000000,50,50,2.92085,3.81238,0.0732954,0.0447964],
[9,3000000,100,100,2.54372,3.23856,0.0829761,0.0490386],
[9,3000000,200,200,2.2252,2.81488,0.0948973,0.0536244],
[9,3000000,500,500,2.01461,2.39985,0.104865,0.0582827],
[9,3000000,1000,1000,1.88393,2.15904,0.113698,0.0629006],
[9,3000000,3000000,3000000,1.06082,1,0.200523,0.0734869],
[10,3000000,1,1,11.9087,inf,0.0178686,0.0178686],
[10,3000000,2,2,6.6668,21.5165,0.0324652,0.0251669],
[10,3000000,3,3,5.74047,13.5754,0.0374995,0.0292778],
[10,3000000,4,4,5.85856,10.7583,0.0368889,0.0311806],
[10,3000000,5,5,5.32782,9.26667,0.0400458,0.0329536],
[10,3000000,10,10,4.17321,6.47712,0.0517527,0.0360868],
[10,3000000,20,20,3.57347,4.97846,0.0597845,0.0394722],
[10,3000000,50,50,2.96764,3.81238,0.0726574,0.0436203],
[10,3000000,100,100,2.63424,3.23856,0.0811807,0.0477937],
[10,3000000,200,200,2.2941,2.81488,0.0925935,0.0522737],
[10,3000000,500,500,2.07196,2.39985,0.104216,0.0569957],
[10,3000000,1000,1000,1.86879,2.15904,0.11399,0.0617452],
[10,3000000,3000000,3000000,1.05786,1,0.201126,0.0724668],
[11,3000000,1,1,10.0225,inf,0.0216113,0.0216113],
[11,3000000,2,2,8.0774,21.5165,0.0263706,0.0239909],
[11,3000000,3,3,5.93439,13.5754,0.036388,0.0281233],
[11,3000000,4,4,5.14613,10.7583,0.0416287,0.0314996],
[11,3000000,5,5,5.04913,9.26667,0.0428375,0.0337672],
[11,3000000,10,10,3.96061,6.47712,0.0538873,0.0371206],
[11,3000000,20,20,3.46453,4.97846,0.0623233,0.0407209],
[11,3000000,50,50,2.93837,3.81238,0.0725048,0.0446939],
[11,3000000,100,100,2.49905,3.23856,0.0854479,0.0492221],
[11,3000000,200,200,2.34489,2.81488,0.0910628,0.0534062],
[11,3000000,500,500,2.07435,2.39985,0.104175,0.0580215],
[11,3000000,1000,1000,1.90286,2.15904,0.113503,0.062645],
[11,3000000,3000000,3000000,1.03953,1,0.204845,0.0735835],
[0,30000000,1,1,10.7521,inf,0.233486,0.233486],
[0,30000000,2,2,7.90192,24.8385,0.317414,0.27545],
[0,30000000,3,3,6.6066,15.6713,0.383425,0.311441],
[0,30000000,4,4,6.09659,12.4192,0.407255,0.335395],
[0,30000000,5,5,5.51054,10.6973,0.448685,0.358053],
[0,30000000,10,10,4.61929,7.47712,0.536007,0.387712],
[0,30000000,20,20,4.01139,5.74708,0.616882,0.42045],
[0,30000000,50,50,3.28191,4.40097,0.75337,0.462065],
[0,30000000,100,100,2.94904,3.73856,0.837848,0.503819],
[0,30000000,200,200,2.65561,3.24947,0.930754,0.546512],
[0,30000000,500,500,2.36104,2.77036,1.04718,0.592027],
[0,30000000,1000,1000,2.17796,2.49237,1.13888,0.637599],
[0,30000000,30000000,30000000,1.07369,1,2.30369,0.76576],
[1,30000000,1,1,11.483,inf,0.215288,0.215288],
[1,30000000,2,2,8.17301,24.8385,0.302591,0.25894],
[1,30000000,3,3,6.86896,15.6713,0.360024,0.292635],
[1,30000000,4,4,6.02735,12.4192,0.411032,0.322234],
[1,30000000,5,5,6.14666,10.6973,0.402223,0.338232],
[1,30000000,10,10,4.67285,7.47712,0.529322,0.37008],
[1,30000000,20,20,3.98695,5.74708,0.621541,0.406003],
[1,30000000,50,50,3.2811,4.40097,0.753195,0.449402],
[1,30000000,100,100,2.91123,3.73856,0.848496,0.493746],
[1,30000000,200,200,2.62786,3.24947,0.93988,0.538359],
[1,30000000,500,500,2.33359,2.77036,1.05962,0.585746],
[1,30000000,1000,1000,2.13871,2.49237,1.15347,0.633056],
[1,30000000,30000000,30000000,1.07107,1,2.31071,0.762107],
[2,30000000,1,1,15.266,inf,0.162126,0.162126],
[2,30000000,2,2,8.17545,24.8385,0.302499,0.232312],
[2,30000000,3,3,7.4462,15.6713,0.333447,0.266024],
[2,30000000,4,4,6.44842,12.4192,0.383932,0.295501],
[2,30000000,5,5,5.53482,10.6973,0.448219,0.326045],
[2,30000000,10,10,4.71148,7.47712,0.525296,0.359253],
[2,30000000,20,20,4.07965,5.74708,0.607248,0.394681],
[2,30000000,50,50,3.35089,4.40097,0.740373,0.437893],
[2,30000000,100,100,2.97476,3.73856,0.832794,0.481771],
[2,30000000,200,200,2.68844,3.24947,0.921712,0.525765],
[2,30000000,500,500,2.36632,2.77036,1.04517,0.572983],
[2,30000000,1000,1000,2.17918,2.49237,1.13593,0.619896],
[2,30000000,30000000,30000000,1.07697,1,2.29534,0.748776],
[3,30000000,1,1,12.8619,inf,0.193009,0.193009],
[3,30000000,2,2,7.26658,24.8385,0.340469,0.266739],
[3,30000000,3,3,6.76501,15.6713,0.366017,0.299832],
[3,30000000,4,4,5.70383,12.4192,0.433389,0.333221],
[3,30000000,5,5,5.5335,10.6973,0.447289,0.356035],
[3,30000000,10,10,4.58434,7.47712,0.538952,0.386521],
[3,30000000,20,20,3.95919,5.74708,0.624071,0.420457],
[3,30000000,50,50,3.30608,4.40097,0.747532,0.461341],
[3,30000000,100,100,2.93653,3.73856,0.842496,0.503692],
[3,30000000,200,200,2.64352,3.24947,0.936147,0.546937],
[3,30000000,500,500,2.34078,2.77036,1.05645,0.593256],
[3,30000000,1000,1000,2.13504,2.49237,1.15943,0.640437],
[3,30000000,30000000,30000000,1.07501,1,2.30094,0.768168],
[4,30000000,1,1,9.95851,inf,0.248234,0.248234],
[4,30000000,2,2,9.38409,24.8385,0.263371,0.255803],
[4,30000000,3,3,6.94669,15.6713,0.354669,0.288758],
[4,30000000,4,4,5.60759,12.4192,0.43941,0.326421],
[4,30000000,5,5,5.7494,10.6973,0.428567,0.34685],
[4,30000000,10,10,4.71074,7.47712,0.522491,0.376124],
[4,30000000,20,20,4.02332,5.74708,0.612924,0.409952],
[4,30000000,50,50,3.32606,4.40097,0.740275,0.451242],
[4,30000000,100,100,2.9505,3.73856,0.835643,0.493954],
[4,30000000,200,200,2.64295,3.24947,0.931341,0.537692],
[4,30000000,500,500,2.35356,2.77036,1.04732,0.584022],
[4,30000000,1000,1000,2.15515,2.49237,1.14375,0.630666],
[4,30000000,30000000,30000000,1.07162,1,2.29917,0.759013],
[5,30000000,1,1,10.9831,inf,0.225056,0.225056],
[5,30000000,2,2,8.45145,24.8385,0.292203,0.25863],
[5,30000000,3,3,6.68484,15.6713,0.369274,0.295511],
[5,30000000,4,4,6.28773,12.4192,0.392298,0.319708],
[5,30000000,5,5,5.83739,10.6973,0.42341,0.340448],
[5,30000000,10,10,4.53701,7.47712,0.544227,0.374411],
[5,30000000,20,20,3.90058,5.74708,0.6327,0.41131],
[5,30000000,50,50,3.22101,4.40097,0.765311,0.45556],
[5,30000000,100,100,2.92736,3.73856,0.843354,0.498648],
[5,30000000,200,200,2.64693,3.24947,0.933599,0.542143],
[5,30000000,500,500,2.33244,2.77036,1.06073,0.589287],
[5,30000000,1000,1000,2.14265,2.49237,1.15313,0.636274],
[5,30000000,30000000,30000000,1.07184,1,2.30627,0.764735],
[6,30000000,1,1,10.5632,inf,0.233346,0.233346],
[6,30000000,2,2,8.19793,24.8385,0.300861,0.267103],
[6,30000000,3,3,6.36086,15.6713,0.387872,0.30736],
[6,30000000,4,4,5.851,12.4192,0.4228,0.33622],
[6,30000000,5,5,5.93804,10.6973,0.416254,0.352227],
[6,30000000,10,10,4.62891,7.47712,0.532239,0.382229],
[6,30000000,20,20,3.88921,5.74708,0.633167,0.418077],
[6,30000000,50,50,3.28495,4.40097,0.749486,0.459503],
[6,30000000,100,100,2.9207,3.73856,0.844872,0.502322],
[6,30000000,200,200,2.64436,3.24947,0.933389,0.545429],
[6,30000000,500,500,2.3354,2.77036,1.05637,0.591878],
[6,30000000,1000,1000,2.14725,2.49237,1.14797,0.638219],
[6,30000000,30000000,30000000,1.0749,1,2.29805,0.765898],
[7,30000000,1,1,14.2544,inf,0.173394,0.173394],
[7,30000000,2,2,7.28898,24.8385,0.339756,0.256575],
[7,30000000,3,3,6.69771,15.6713,0.369587,0.294246],
[7,30000000,4,4,6.10985,12.4192,0.405242,0.321995],
[7,30000000,5,5,5.6658,10.6973,0.436428,0.344881],
[7,30000000,10,10,4.83348,7.47712,0.511673,0.37268],
[7,30000000,20,20,3.86039,5.74708,0.641462,0.411078],
[7,30000000,50,50,3.30869,4.40097,0.747621,0.453146],
[7,30000000,100,100,2.89919,3.73856,0.854083,0.497694],
[7,30000000,200,200,2.63835,3.24947,0.937628,0.541687],
[7,30000000,500,500,2.33896,2.77036,1.05587,0.588431],
[7,30000000,1000,1000,2.14761,2.49237,1.15131,0.635338],
[7,30000000,30000000,30000000,1.07342,1,2.30738,0.763956],
[8,30000000,1,1,12.0534,inf,0.204752,0.204752],
[8,30000000,2,2,7.47853,24.8385,0.330399,0.267575],
[8,30000000,3,3,7.3424,15.6713,0.335056,0.290069],
[8,30000000,4,4,6.37934,12.4192,0.385552,0.31394],
[8,30000000,5,5,5.51573,10.6973,0.445483,0.340248],
[8,30000000,10,10,4.695,7.47712,0.52517,0.371069],
[8,30000000,20,20,3.96682,5.74708,0.623341,0.407108],
[8,30000000,50,50,3.25536,4.40097,0.755851,0.450701],
[8,30000000,100,100,2.9198,3.73856,0.84092,0.494058],
[8,30000000,200,200,2.6467,3.24947,0.930795,0.537732],
[8,30000000,500,500,2.34422,2.77036,1.05074,0.584369],
[8,30000000,1000,1000,2.15977,2.49237,1.14206,0.630843],
[8,30000000,30000000,30000000,1.06415,1,2.31166,0.760137],
[9,30000000,1,1,15.4128,inf,0.159589,0.159589],
[9,30000000,2,2,7.73095,24.8385,0.318493,0.239041],
[9,30000000,3,3,6.87489,15.6713,0.357797,0.278626],
[9,30000000,4,4,6.02973,12.4192,0.407275,0.310788],
[9,30000000,5,5,5.90447,10.6973,0.41658,0.331947],
[9,30000000,10,10,4.6169,7.47712,0.533187,0.365487],
[9,30000000,20,20,4.00646,5.74708,0.615665,0.401227],
[9,30000000,50,50,3.27409,4.40097,0.749659,0.444781],
[9,30000000,100,100,2.94259,3.73856,0.834675,0.488102],
[9,30000000,200,200,2.6686,3.24947,0.920737,0.531366],
[9,30000000,500,500,2.3496,2.77036,1.04553,0.578108],
[9,30000000,1000,1000,2.16039,2.49237,1.13587,0.624588],
[9,30000000,30000000,30000000,1.07481,1,2.29092,0.752768],
[10,30000000,1,1,10.4926,inf,0.235472,0.235472],
[10,30000000,2,2,7.58652,24.8385,0.327535,0.281504],
[10,30000000,3,3,6.58453,15.6713,0.37519,0.312732],
[10,30000000,4,4,6.55605,12.4192,0.377468,0.328916],
[10,30000000,5,5,5.58507,10.6973,0.443592,0.351852],
[10,30000000,10,10,4.79021,7.47712,0.516068,0.379221],
[10,30000000,20,20,3.93829,5.74708,0.629022,0.414907],
[10,30000000,50,50,3.24833,4.40097,0.76132,0.458208],
[10,30000000,100,100,2.92453,3.73856,0.846852,0.501391],
[10,30000000,200,200,2.65049,3.24947,0.932883,0.54454],
[10,30000000,500,500,2.35834,2.77036,1.05137,0.590616],
[10,30000000,1000,1000,2.15737,2.49237,1.14649,0.636939],
[10,30000000,30000000,30000000,1.0769,1,2.2976,0.764682],
[11,30000000,1,1,14.3143,inf,0.17267,0.17267],
[11,30000000,2,2,10.1841,24.8385,0.242463,0.207567],
[11,30000000,3,3,7.01727,15.6713,0.352106,0.255746],
[11,30000000,4,4,6.68841,12.4192,0.370183,0.284355],
[11,30000000,5,5,5.91259,10.6973,0.417953,0.311075],
[11,30000000,10,10,4.88713,7.47712,0.50652,0.343649],
[11,30000000,20,20,4.02852,5.74708,0.611802,0.381957],
[11,30000000,50,50,3.35004,4.40097,0.74586,0.427445],
[11,30000000,100,100,2.99204,3.73856,0.828217,0.471975],
[11,30000000,200,200,2.67682,3.24947,0.925551,0.517333],
[11,30000000,500,500,2.36886,2.77036,1.04194,0.565024],
[11,30000000,1000,1000,2.1785,2.49237,1.13437,0.612469],
[11,30000000,30000000,30000000,1.08154,1,2.28862,0.741404]
]
#19.10 ninther