[
[0,30,1,1,0.45977,inf,2.71875e-07,2.71875e-07],
[0,30,2,2,0.659574,4.90689,1.46875e-07,2.09375e-07],
[0,30,3,3,0.64,3.0959,1.5625e-07,1.91667e-07],
[0,30,4,4,0.717391,2.45345,1.4375e-07,1.79688e-07],
[0,30,5,5,0.645833,2.11328,1.5e-07,1.7375e-07],
[0,30,10,10,0.64,1.47712,1.5625e-07,1.70833e-07],
[0,30,20,20,0.711111,1.13535,1.40625e-07,1.66518e-07],
[0,30,50,30,0.603774,1,1.65625e-07,1.66406e-07],
[0,30,100,30,0.761905,1,1.3125e-07,1.625e-07],
[0,30,200,30,0.744186,1,1.34375e-07,1.59688e-07],
[0,30,500,30,0.727273,1,1.375e-07,1.5767e-07],
[0,30,1000,30,0.744186,1,1.34375e-07,1.55729e-07],
[0,30,30,30,0.615385,1,1.625e-07,1.5625e-07],
[1,30,1,1,0.809524,inf,1.3125e-07,1.3125e-07],
[1,30,2,2,0.627907,4.90689,1.34375e-07,1.32812e-07],
[1,30,3,3,0.595238,3.0959,1.3125e-07,1.32292e-07],
[1,30,4,4,0.789474,2.45345,1.1875e-07,1.28906e-07],
[1,30,5,5,0.714286,2.11328,1.3125e-07,1.29375e-07],
[1,30,10,10,0.627907,1.47712,1.34375e-07,1.30208e-07],
[1,30,20,20,0.666667,1.13535,1.3125e-07,1.30357e-07],
[1,30,50,30,0.717949,1,1.21875e-07,1.29297e-07],
[1,30,100,30,0.7,1,1.25e-07,1.28819e-07],
[1,30,200,30,0.725,1,1.25e-07,1.28438e-07],
[1,30,500,30,0.634146,1,1.28125e-07,1.28409e-07],
[1,30,1000,30,0.7,1,1.25e-07,1.28125e-07],
[1,30,30,30,0.658537,1,1.28125e-07,1.28125e-07],
[2,30,1,1,0.904762,inf,1.3125e-07,1.3125e-07],
[2,30,2,2,0.820513,4.90689,1.21875e-07,1.26563e-07],
[2,30,3,3,0.680851,3.0959,1.46875e-07,1.33333e-07],
[2,30,4,4,0.871795,2.45345,1.21875e-07,1.30469e-07],
[2,30,5,5,0.772727,2.11328,1.375e-07,1.31875e-07],
[2,30,10,10,0.761905,1.47712,1.3125e-07,1.31771e-07],
[2,30,20,20,0.925,1.13535,1.25e-07,1.30804e-07],
[2,30,50,30,0.897436,1,1.21875e-07,1.29688e-07],
[2,30,100,30,0.744186,1,1.34375e-07,1.30208e-07],
[2,30,200,30,0.853659,1,1.28125e-07,1.3e-07],
[2,30,500,30,0.804878,1,1.28125e-07,1.2983e-07],
[2,30,1000,30,0.75,1,1.375e-07,1.30469e-07],
[2,30,30,30,0.780488,1,1.28125e-07,1.30288e-07],
[3,30,1,1,0.777778,inf,1.40625e-07,1.40625e-07],
[3,30,2,2,0.861111,4.90689,1.125e-07,1.26563e-07],
[3,30,3,3,0.731707,3.0959,1.28125e-07,1.27083e-07],
[3,30,4,4,0.842105,2.45345,1.1875e-07,1.25e-07],
[3,30,5,5,0.74359,2.11328,1.21875e-07,1.24375e-07],
[3,30,10,10,0.75,1.47712,1.25e-07,1.24479e-07],
[3,30,20,20,0.775,1.13535,1.25e-07,1.24554e-07],
[3,30,50,30,0.738095,1,1.3125e-07,1.25391e-07],
[3,30,100,30,0.704545,1,1.375e-07,1.26736e-07],
[3,30,200,30,0.738095,1,1.3125e-07,1.27188e-07],
[3,30,500,30,0.731707,1,1.28125e-07,1.27273e-07],
[3,30,1000,30,0.75,1,1.25e-07,1.27083e-07],
[3,30,30,30,0.820513,1,1.21875e-07,1.26683e-07],
[4,30,1,1,0.829787,inf,1.46875e-07,1.46875e-07],
[4,30,2,2,0.679245,4.90689,1.65625e-07,1.5625e-07],
[4,30,3,3,0.761905,3.0959,1.3125e-07,1.47917e-07],
[4,30,4,4,0.780488,2.45345,1.28125e-07,1.42969e-07],
[4,30,5,5,0.75,2.11328,1.375e-07,1.41875e-07],
[4,30,10,10,0.75,1.47712,1.75e-07,1.47396e-07],
[4,30,20,20,0.875,1.13535,1.25e-07,1.44196e-07],
[4,30,50,30,0.708333,1,1.5e-07,1.44922e-07],
[4,30,100,30,0.825,1,1.25e-07,1.42708e-07],
[4,30,200,30,1.04651,1,1.34375e-07,1.41875e-07],
[4,30,500,30,0.85,1,1.25e-07,1.40341e-07],
[4,30,1000,30,0.795455,1,1.375e-07,1.40104e-07],
[4,30,30,30,0.72093,1,1.34375e-07,1.39663e-07],
[5,30,1,1,0.804348,inf,1.4375e-07,1.4375e-07],
[5,30,2,2,0.785714,4.90689,1.3125e-07,1.375e-07],
[5,30,3,3,0.75,3.0959,1.375e-07,1.375e-07],
[5,30,4,4,0.767442,2.45345,1.34375e-07,1.36719e-07],
[5,30,5,5,0.711111,2.11328,1.40625e-07,1.375e-07],
[5,30,10,10,0.72093,1.47712,1.34375e-07,1.36979e-07],
[5,30,20,20,0.744186,1.13535,1.34375e-07,1.36607e-07],
[5,30,50,30,0.738095,1,1.3125e-07,1.35938e-07],
[5,30,100,30,0.733333,1,1.40625e-07,1.36458e-07],
[5,30,200,30,0.785714,1,1.3125e-07,1.35938e-07],
[5,30,500,30,0.813953,1,1.34375e-07,1.35795e-07],
[5,30,1000,30,0.809524,1,1.3125e-07,1.35417e-07],
[5,30,30,30,0.72093,1,1.34375e-07,1.35337e-07],
[6,30,1,1,0.8,inf,1.40625e-07,1.40625e-07],
[6,30,2,2,0.72093,4.90689,1.34375e-07,1.375e-07],
[6,30,3,3,0.756098,3.0959,1.28125e-07,1.34375e-07],
[6,30,4,4,0.72093,2.45345,1.34375e-07,1.34375e-07],
[6,30,5,5,0.785714,2.11328,1.3125e-07,1.3375e-07],
[6,30,10,10,0.727273,1.47712,1.375e-07,1.34375e-07],
[6,30,20,20,0.744186,1.13535,1.34375e-07,1.34375e-07],
[6,30,50,30,0.825,1,1.25e-07,1.33203e-07],
[6,30,100,30,0.711111,1,1.40625e-07,1.34028e-07],
[6,30,200,30,0.829268,1,1.28125e-07,1.33437e-07],
[6,30,500,30,0.744186,1,1.34375e-07,1.33523e-07],
[6,30,1000,30,0.761905,1,1.3125e-07,1.33333e-07],
[6,30,30,30,0.744186,1,1.34375e-07,1.33413e-07],
[7,30,1,1,0.822222,inf,1.40625e-07,1.40625e-07],
[7,30,2,2,0.673913,4.90689,1.4375e-07,1.42188e-07],
[7,30,3,3,0.767442,3.0959,1.34375e-07,1.39583e-07],
[7,30,4,4,0.695652,2.45345,1.4375e-07,1.40625e-07],
[7,30,5,5,0.761905,2.11328,1.3125e-07,1.3875e-07],
[7,30,10,10,0.727273,1.47712,1.375e-07,1.38542e-07],
[7,30,20,20,0.756098,1.13535,1.28125e-07,1.37054e-07],
[7,30,50,30,0.761905,1,1.3125e-07,1.36328e-07],
[7,30,100,30,0.8,1,1.5625e-07,1.38542e-07],
[7,30,200,30,0.733333,1,1.40625e-07,1.3875e-07],
[7,30,500,30,0.785714,1,1.3125e-07,1.38068e-07],
[7,30,1000,30,0.704545,1,1.375e-07,1.38021e-07],
[7,30,30,30,0.780488,1,1.28125e-07,1.3726e-07],
[8,30,1,1,0.8,inf,1.5625e-07,1.5625e-07],
[8,30,2,2,0.75,4.90689,1.25e-07,1.40625e-07],
[8,30,3,3,0.744186,3.0959,1.34375e-07,1.38542e-07],
[8,30,4,4,0.780488,2.45345,1.28125e-07,1.35938e-07],
[8,30,5,5,0.644444,2.11328,1.40625e-07,1.36875e-07],
[8,30,10,10,0.809524,1.47712,1.3125e-07,1.35938e-07],
[8,30,20,20,0.690476,1.13535,1.3125e-07,1.35268e-07],
[8,30,50,30,0.756098,1,1.28125e-07,1.34375e-07],
[8,30,100,30,0.8,1,1.25e-07,1.33333e-07],
[8,30,200,30,0.8,1,1.25e-07,1.325e-07],
[8,30,500,30,0.761905,1,1.3125e-07,1.32386e-07],
[8,30,1000,30,0.761905,1,1.3125e-07,1.32292e-07],
[8,30,30,30,0.794872,1,1.21875e-07,1.3149e-07],
[9,30,1,1,0.680851,inf,1.46875e-07,1.46875e-07],
[9,30,2,2,0.688889,4.90689,1.40625e-07,1.4375e-07],
[9,30,3,3,0.820513,3.0959,1.21875e-07,1.36458e-07],
[9,30,4,4,0.702128,2.45345,1.46875e-07,1.39062e-07],
[9,30,5,5,0.74359,2.11328,1.21875e-07,1.35625e-07],
[9,30,10,10,0.692308,1.47712,1.21875e-07,1.33333e-07],
[9,30,20,20,0.717949,1.13535,1.21875e-07,1.31696e-07],
[9,30,50,30,0.842105,1,1.1875e-07,1.30078e-07],
[9,30,100,30,0.692308,1,1.21875e-07,1.29167e-07],
[9,30,200,30,0.74359,1,1.21875e-07,1.28437e-07],
[9,30,500,30,0.7,1,1.25e-07,1.28125e-07],
[9,30,1000,30,0.75,1,1.375e-07,1.28906e-07],
[9,30,30,30,0.682927,1,1.28125e-07,1.28846e-07],
[10,30,1,1,0.723404,inf,1.46875e-07,1.46875e-07],
[10,30,2,2,0.707317,4.90689,1.28125e-07,1.375e-07],
[10,30,3,3,0.861111,3.0959,1.125e-07,1.29167e-07],
[10,30,4,4,0.868421,2.45345,1.1875e-07,1.26563e-07],
[10,30,5,5,0.75,2.11328,1.25e-07,1.2625e-07],
[10,30,10,10,0.820513,1.47712,1.21875e-07,1.25521e-07],
[10,30,20,20,1,1.13535,1.28125e-07,1.25893e-07],
[10,30,50,30,0.725,1,1.25e-07,1.25781e-07],
[10,30,100,30,0.731707,1,1.28125e-07,1.26042e-07],
[10,30,200,30,0.731707,1,1.28125e-07,1.2625e-07],
[10,30,500,30,0.744186,1,1.34375e-07,1.26989e-07],
[10,30,1000,30,0.820513,1,1.21875e-07,1.26563e-07],
[10,30,30,30,0.714286,1,1.3125e-07,1.26923e-07],
[11,30,1,1,0.769231,inf,1.625e-07,1.625e-07],
[11,30,2,2,0.688889,4.90689,1.40625e-07,1.51563e-07],
[11,30,3,3,0.761905,3.0959,1.3125e-07,1.44792e-07],
[11,30,4,4,0.688889,2.45345,1.40625e-07,1.4375e-07],
[11,30,5,5,0.72093,2.11328,1.34375e-07,1.41875e-07],
[11,30,10,10,0.761905,1.47712,1.3125e-07,1.40104e-07],
[11,30,20,20,0.491525,1.13535,1.84375e-07,1.46429e-07],
[11,30,50,30,0.697674,1,1.34375e-07,1.44922e-07],
[11,30,100,30,0.707317,1,1.28125e-07,1.43056e-07],
[11,30,200,30,0.744186,1,1.34375e-07,1.42188e-07],
[11,30,500,30,0.711111,1,1.40625e-07,1.42045e-07],
[11,30,1000,30,0.72093,1,1.34375e-07,1.41406e-07],
[11,30,30,30,0.705882,1,1.59375e-07,1.42788e-07],
[0,300,1,1,4.3125,inf,5e-07,5e-07],
[0,300,2,2,1.67155,8.22882,1.06563e-06,7.82813e-07],
[0,300,3,3,1.66374,5.19181,1.06875e-06,8.78125e-07],
[0,300,4,4,1.26681,4.11441,1.44063e-06,1.01875e-06],
[0,300,5,5,1.22222,3.54396,1.575e-06,1.13e-06],
[0,300,10,10,1.14476,2.47712,1.87813e-06,1.25469e-06],
[0,300,20,20,0.901991,1.90397,2.04063e-06,1.36696e-06],
[0,300,50,50,0.89011,1.45801,1.99063e-06,1.44492e-06],
[0,300,100,100,0.881988,1.23856,2.0125e-06,1.50799e-06],
[0,300,200,200,0.889881,1.07653,2.1e-06,1.56719e-06],
[0,300,500,300,0.886293,1,2.00625e-06,1.6071e-06],
[0,300,1000,300,0.862629,1,2.11563e-06,1.64948e-06],
[0,300,300,300,0.901899,1,1.975e-06,1.67452e-06],
[1,300,1,1,2.71375,inf,8.40625e-07,8.40625e-07],
[1,300,2,2,2.37828,8.22882,8.34375e-07,8.375e-07],
[1,300,3,3,1.46898,5.19181,1.25938e-06,9.78125e-07],
[1,300,4,4,1.44651,4.11441,1.34375e-06,1.06953e-06],
[1,300,5,5,1.36512,3.54396,1.34375e-06,1.12438e-06],
[1,300,10,10,1.04218,2.47712,1.77813e-06,1.23333e-06],
[1,300,20,20,0.986949,1.90397,1.91562e-06,1.3308e-06],
[1,300,50,50,0.959502,1.45801,2.00625e-06,1.41523e-06],
[1,300,100,100,0.945038,1.23856,2.04688e-06,1.48542e-06],
[1,300,200,200,1.00896,1.07653,2.44063e-06,1.58094e-06],
[1,300,500,300,0.980854,1,2.12188e-06,1.63011e-06],
[1,300,1000,300,0.965909,1,2.2e-06,1.6776e-06],
[1,300,300,300,0.977341,1,2.06875e-06,1.70769e-06],
[2,300,1,1,3.62927,inf,6.40625e-07,6.40625e-07],
[2,300,2,2,1.86405,8.22882,1.03438e-06,8.375e-07],
[2,300,3,3,1.74719,5.19181,1.1125e-06,9.29167e-07],
[2,300,4,4,1.42202,4.11441,1.3625e-06,1.0375e-06],
[2,300,5,5,1.38926,3.54396,1.39688e-06,1.10938e-06],
[2,300,10,10,1.13455,2.47712,1.71875e-06,1.21094e-06],
[2,300,20,20,0.996894,1.90397,2.0125e-06,1.32545e-06],
[2,300,50,50,0.947853,1.45801,2.0375e-06,1.41445e-06],
[2,300,100,100,0.967643,1.23856,2.02813e-06,1.48264e-06],
[2,300,200,200,0.959877,1.07653,2.025e-06,1.53688e-06],
[2,300,500,300,0.96997,1,2.08125e-06,1.58636e-06],
[2,300,1000,300,0.953488,1,2.01563e-06,1.62214e-06],
[2,300,300,300,0.976562,1,2e-06,1.6512e-06],
[3,300,1,1,3.07173,inf,7.40625e-07,7.40625e-07],
[3,300,2,2,2.27675,8.22882,8.46875e-07,7.9375e-07],
[3,300,3,3,1.63636,5.19181,1.20313e-06,9.30208e-07],
[3,300,4,4,1.58418,4.11441,1.54063e-06,1.08281e-06],
[3,300,5,5,1.43213,3.54396,1.38125e-06,1.1425e-06],
[3,300,10,10,1.00497,2.47712,1.8875e-06,1.26667e-06],
[3,300,20,20,0.996909,1.90397,2.02188e-06,1.37455e-06],
[3,300,50,50,0.960998,1.45801,2.00312e-06,1.45312e-06],
[3,300,100,100,0.952234,1.23856,2.02813e-06,1.51701e-06],
[3,300,200,200,0.937309,1.07653,2.04375e-06,1.56969e-06],
[3,300,500,300,0.924699,1,2.075e-06,1.61563e-06],
[3,300,1000,300,0.960998,1,2.00312e-06,1.64792e-06],
[3,300,300,300,0.946237,1,2.03438e-06,1.67764e-06],
[4,300,1,1,1.88342,inf,1.20625e-06,1.20625e-06],
[4,300,2,2,1.92121,8.22882,1.03125e-06,1.11875e-06],
[4,300,3,3,1.46572,5.19181,1.32188e-06,1.18646e-06],
[4,300,4,4,1.36292,4.11441,1.58438e-06,1.28594e-06],
[4,300,5,5,1.25662,3.54396,1.53438e-06,1.33563e-06],
[4,300,10,10,1.08014,2.47712,1.79375e-06,1.41198e-06],
[4,300,20,20,0.887304,1.90397,2.19063e-06,1.52321e-06],
[4,300,50,50,0.883621,1.45801,2.175e-06,1.60469e-06],
[4,300,100,100,0.828798,1.23856,2.75625e-06,1.73264e-06],
[4,300,200,200,0.870536,1.07653,2.1e-06,1.76938e-06],
[4,300,500,300,1.22494,1,2.55625e-06,1.84091e-06],
[4,300,1000,300,0.882006,1,2.11875e-06,1.86406e-06],
[4,300,300,300,0.900151,1,2.06563e-06,1.87957e-06],
[5,300,1,1,2.27431,inf,9e-07,9e-07],
[5,300,2,2,1.89655,8.22882,9.0625e-07,9.03125e-07],
[5,300,3,3,1.7871,5.19181,9.6875e-07,9.25e-07],
[5,300,4,4,1.30751,4.11441,1.33125e-06,1.02656e-06],
[5,300,5,5,1.29206,3.54396,1.3375e-06,1.08875e-06],
[5,300,10,10,0.965035,2.47712,1.7875e-06,1.20521e-06],
[5,300,20,20,0.871875,1.90397,2e-06,1.31875e-06],
[5,300,50,50,0.862016,1.45801,2.01563e-06,1.40586e-06],
[5,300,100,100,0.859375,1.23856,2e-06,1.47188e-06],
[5,300,200,200,0.852761,1.07653,2.0375e-06,1.52844e-06],
[5,300,500,300,0.856921,1,2.00938e-06,1.57216e-06],
[5,300,1000,300,0.872075,1,2.00312e-06,1.60807e-06],
[5,300,300,300,0.872441,1,1.98437e-06,1.63702e-06],
[6,300,1,1,2.375,inf,9.5e-07,9.5e-07],
[6,300,2,2,2.24345,8.22882,8.34375e-07,8.92188e-07],
[6,300,3,3,1.79281,5.19181,1.47813e-06,1.0875e-06],
[6,300,4,4,1.64888,4.11441,1.1125e-06,1.09375e-06],
[6,300,5,5,1.59574,3.54396,1.175e-06,1.11e-06],
[6,300,10,10,1.1451,2.47712,1.59375e-06,1.19063e-06],
[6,300,20,20,1.03737,1.90397,1.75625e-06,1.27143e-06],
[6,300,50,50,1.05386,1.45801,1.74063e-06,1.33008e-06],
[6,300,100,100,1.02604,1.23856,1.8e-06,1.38229e-06],
[6,300,200,200,1,1.07653,1.80625e-06,1.42469e-06],
[6,300,500,300,1.03152,1,1.78438e-06,1.45739e-06],
[6,300,1000,300,1.02443,1,1.79063e-06,1.48516e-06],
[6,300,300,300,0.855978,1,2.3e-06,1.54784e-06],
[7,300,1,1,3.85714,inf,5.90625e-07,5.90625e-07],
[7,300,2,2,1.88889,8.22882,9.5625e-07,7.73438e-07],
[7,300,3,3,1.67139,5.19181,1.10313e-06,8.83333e-07],
[7,300,4,4,1.43622,4.11441,1.225e-06,9.6875e-07],
[7,300,5,5,1.27982,3.54396,1.3625e-06,1.0475e-06],
[7,300,10,10,1.14919,2.47712,1.55e-06,1.13125e-06],
[7,300,20,20,0.991568,1.90397,1.85313e-06,1.23438e-06],
[7,300,50,50,0.929648,1.45801,1.86563e-06,1.31328e-06],
[7,300,100,100,1.01986,1.23856,2.20313e-06,1.41215e-06],
[7,300,200,200,0.980165,1.07653,1.89063e-06,1.46e-06],
[7,300,500,300,0.966722,1,1.87813e-06,1.49801e-06],
[7,300,1000,300,0.979798,1,1.85625e-06,1.52786e-06],
[7,300,300,300,0.97138,1,1.85625e-06,1.55313e-06],
[8,300,1,1,3.1831,inf,6.65625e-07,6.65625e-07],
[8,300,2,2,2.09655,8.22882,9.0625e-07,7.85938e-07],
[8,300,3,3,1.58603,5.19181,1.25313e-06,9.41667e-07],
[8,300,4,4,1.48446,4.11441,1.20625e-06,1.00781e-06],
[8,300,5,5,1.35629,3.54396,1.31563e-06,1.06937e-06],
[8,300,10,10,1.12157,2.47712,1.59375e-06,1.15677e-06],
[8,300,20,20,0.961667,1.90397,1.875e-06,1.25937e-06],
[8,300,50,50,0.961279,1.45801,1.85625e-06,1.33398e-06],
[8,300,100,100,0.962712,1.23856,1.84375e-06,1.39062e-06],
[8,300,200,200,0.943894,1.07653,1.89375e-06,1.44094e-06],
[8,300,500,300,0.938944,1,1.89375e-06,1.4821e-06],
[8,300,1000,300,0.955,1,1.875e-06,1.51484e-06],
[8,300,300,300,0.966216,1,1.85e-06,1.54062e-06],
[9,300,1,1,2.86567,inf,8.375e-07,8.375e-07],
[9,300,2,2,2.70732,8.22882,8.96875e-07,8.67188e-07],
[9,300,3,3,1.87535,5.19181,1.12813e-06,9.54167e-07],
[9,300,4,4,1.46667,4.11441,1.3125e-06,1.04375e-06],
[9,300,5,5,1.80925,3.54396,1.08125e-06,1.05125e-06],
[9,300,10,10,1.01812,2.47712,1.89688e-06,1.19219e-06],
[9,300,20,20,0.988782,1.90397,1.95e-06,1.30045e-06],
[9,300,50,50,0.982866,1.45801,2.00625e-06,1.38867e-06],
[9,300,100,100,0.932551,1.23856,2.13125e-06,1.47118e-06],
[9,300,200,200,0.98048,1.07653,2.08125e-06,1.53219e-06],
[9,300,500,300,0.945736,1,2.01563e-06,1.57614e-06],
[9,300,1000,300,0.977987,1,1.9875e-06,1.61042e-06],
[9,300,300,300,0.948995,1,2.02188e-06,1.64207e-06],
[10,300,1,1,2.40203,inf,9.25e-07,9.25e-07],
[10,300,2,2,1.8642,8.22882,1.0125e-06,9.6875e-07],
[10,300,3,3,1.27719,5.19181,1.46563e-06,1.13438e-06],
[10,300,4,4,1.33626,4.11441,1.42188e-06,1.20625e-06],
[10,300,5,5,1.29957,3.54396,1.45e-06,1.255e-06],
[10,300,10,10,0.919207,2.47712,2.05e-06,1.3875e-06],
[10,300,20,20,0.927914,1.90397,2.0375e-06,1.48036e-06],
[10,300,50,50,0.893016,1.45801,2.10313e-06,1.5582e-06],
[10,300,100,100,0.901493,1.23856,2.09375e-06,1.61771e-06],
[10,300,200,200,0.877372,1.07653,2.14062e-06,1.67e-06],
[10,300,500,300,0.889543,1,2.12188e-06,1.71108e-06],
[10,300,1000,300,0.909639,1,2.075e-06,1.74141e-06],
[10,300,300,300,0.89881,1,2.1e-06,1.76899e-06],
[11,300,1,1,3.27897,inf,7.28125e-07,7.28125e-07],
[11,300,2,2,1.7375,8.22882,1e-06,8.64063e-07],
[11,300,3,3,1.62573,5.19181,1.06875e-06,9.32292e-07],
[11,300,4,4,1.46702,4.11441,1.18437e-06,9.95313e-07],
[11,300,5,5,1.30751,3.54396,1.33125e-06,1.0625e-06],
[11,300,10,10,0.980668,2.47712,1.77813e-06,1.18177e-06],
[11,300,20,20,0.875591,1.90397,1.98437e-06,1.29643e-06],
[11,300,50,50,0.879937,1.45801,1.97813e-06,1.38164e-06],
[11,300,100,100,0.864615,1.23856,2.03125e-06,1.45382e-06],
[11,300,200,200,0.879875,1.07653,2.00312e-06,1.50875e-06],
[11,300,500,300,0.879556,1,1.97188e-06,1.55085e-06],
[11,300,1000,300,0.896104,1,1.925e-06,1.58203e-06],
[11,300,300,300,0.922824,1,1.90313e-06,1.60673e-06],
[0,3000,1,1,4.94125,inf,1.98938e-05,1.98938e-05],
[0,3000,2,2,4.47263,11.5507,2.06688e-05,2.02813e-05],
[0,3000,3,3,3.32962,7.28771,2.8575e-05,2.30458e-05],
[0,3000,4,4,2.70138,5.77537,3.48063e-05,2.59859e-05],
[0,3000,5,5,2.66363,4.97464,3.42813e-05,2.7645e-05],
[0,3000,10,10,1.98502,3.47712,4.63e-05,3.07542e-05],
[0,3000,20,20,1.65826,2.67259,5.9e-05,3.47893e-05],
[0,3000,50,50,1.32856,2.04661,7.2075e-05,3.945e-05],
[0,3000,100,100,1.12028,1.73856,8.5375e-05,4.45528e-05],
[0,3000,200,200,1.06357,1.51112,8.85813e-05,4.89556e-05],
[0,3000,500,500,1.05071,1.28831,9.33063e-05,5.29875e-05],
[0,3000,1000,1000,1.03589,1.15904,9.38563e-05,5.63932e-05],
[0,3000,3000,3000,1.03374,1,9.3925e-05,5.92803e-05],
[1,3000,1,1,4.67734,inf,2.1675e-05,2.1675e-05],
[1,3000,2,2,4.37131,11.5507,2.2875e-05,2.2275e-05],
[1,3000,3,3,3.29201,7.28771,2.86375e-05,2.43958e-05],
[1,3000,4,4,3.08062,5.77537,3.13187e-05,2.61266e-05],
[1,3000,5,5,2.52601,4.97464,3.845e-05,2.85912e-05],
[1,3000,10,10,2.00331,3.47712,4.71563e-05,3.16854e-05],
[1,3000,20,20,1.68426,2.67259,5.52875e-05,3.50571e-05],
[1,3000,50,50,1.32995,2.04661,6.95938e-05,3.93742e-05],
[1,3000,100,100,1.17525,1.73856,8.24875e-05,4.41646e-05],
[1,3000,200,200,1.12565,1.51112,8.84875e-05,4.85969e-05],
[1,3000,500,500,1.11491,1.28831,8.80063e-05,5.21795e-05],
[1,3000,1000,1000,1.08936,1.15904,9.00813e-05,5.5338e-05],
[1,3000,3000,3000,1.08786,1,9.09813e-05,5.80798e-05],
[2,3000,1,1,5.52477,inf,1.80438e-05,1.80438e-05],
[2,3000,2,2,3.66823,11.5507,2.67313e-05,2.23875e-05],
[2,3000,3,3,3.022,7.28771,3.1825e-05,2.55333e-05],
[2,3000,4,4,2.79128,5.77537,3.5125e-05,2.79313e-05],
[2,3000,5,5,2.54584,4.97464,3.70188e-05,2.97487e-05],
[2,3000,10,10,2.19675,3.47712,4.23438e-05,3.18479e-05],
[2,3000,20,20,1.6462,2.67259,5.51688e-05,3.51795e-05],
[2,3000,50,50,1.35613,2.04661,7.26375e-05,3.98617e-05],
[2,3000,100,100,1.1845,1.73856,8.25563e-05,4.46056e-05],
[2,3000,200,200,1.14183,1.51112,8.83563e-05,4.89806e-05],
[2,3000,500,500,1.09403,1.28831,8.84e-05,5.25642e-05],
[2,3000,1000,1000,1.08075,1.15904,8.98563e-05,5.56719e-05],
[2,3000,3000,3000,1.08072,1,9.11313e-05,5.83995e-05],
[3,3000,1,1,5.06056,inf,1.99187e-05,1.99187e-05],
[3,3000,2,2,3.41414,11.5507,2.89e-05,2.44094e-05],
[3,3000,3,3,2.79449,7.28771,3.56438e-05,2.81542e-05],
[3,3000,4,4,3.17543,5.77537,2.93563e-05,2.84547e-05],
[3,3000,5,5,2.79026,4.97464,3.36125e-05,2.94863e-05],
[3,3000,10,10,2.14165,3.47712,4.21813e-05,3.16021e-05],
[3,3000,20,20,1.6243,2.67259,5.54625e-05,3.50107e-05],
[3,3000,50,50,1.2872,2.04661,7.175e-05,3.96031e-05],
[3,3000,100,100,1.16478,1.73856,8.59125e-05,4.47486e-05],
[3,3000,200,200,1.1014,1.51112,8.88188e-05,4.91556e-05],
[3,3000,500,500,1.08054,1.28831,9.04813e-05,5.29125e-05],
[3,3000,1000,1000,1.07155,1.15904,9.11938e-05,5.61026e-05],
[3,3000,3000,3000,1.0407,1,9.1975e-05,5.8862e-05],
[4,3000,1,1,5.61431,inf,1.74688e-05,1.74688e-05],
[4,3000,2,2,4.72106,11.5507,1.91125e-05,1.82906e-05],
[4,3000,3,3,3.35833,7.28771,2.625e-05,2.09438e-05],
[4,3000,4,4,2.78006,5.77537,3.46687e-05,2.4375e-05],
[4,3000,5,5,2.94431,4.97464,3.19875e-05,2.58975e-05],
[4,3000,10,10,2.20184,3.47712,4.2175e-05,2.86104e-05],
[4,3000,20,20,1.7607,2.67259,5.315e-05,3.21161e-05],
[4,3000,50,50,1.38947,2.04661,7.20375e-05,3.71063e-05],
[4,3000,100,100,1.21819,1.73856,8.00063e-05,4.18729e-05],
[4,3000,200,200,1.14948,1.51112,8.97688e-05,4.66625e-05],
[4,3000,500,500,1.13074,1.28831,8.74813e-05,5.03733e-05],
[4,3000,1000,1000,1.12748,1.15904,8.71188e-05,5.34354e-05],
[4,3000,3000,3000,1.10554,1,8.8475e-05,5.61308e-05],
[5,3000,1,1,5.61252,inf,1.6775e-05,1.6775e-05],
[5,3000,2,2,3.6852,11.5507,2.48375e-05,2.08063e-05],
[5,3000,3,3,2.95387,7.28771,3.22438e-05,2.46187e-05],
[5,3000,4,4,2.6126,5.77537,3.5525e-05,2.73453e-05],
[5,3000,5,5,2.46124,4.97464,3.6925e-05,2.92613e-05],
[5,3000,10,10,2.04953,3.47712,4.40375e-05,3.1724e-05],
[5,3000,20,20,1.58324,2.67259,5.66875e-05,3.52902e-05],
[5,3000,50,50,1.24142,2.04661,7.22562e-05,3.99109e-05],
[5,3000,100,100,1.17067,1.73856,8.70125e-05,4.51444e-05],
[5,3000,200,200,1.10023,1.51112,9.06063e-05,4.96906e-05],
[5,3000,500,500,1.08478,1.28831,9.0525e-05,5.34028e-05],
[5,3000,1000,1000,1.05547,1.15904,9.03563e-05,5.64823e-05],
[5,3000,3000,3000,1.05688,1,9.18625e-05,5.92038e-05],
[6,3000,1,1,4.76748,inf,2.16375e-05,2.16375e-05],
[6,3000,2,2,4.27982,11.5507,2.41e-05,2.28688e-05],
[6,3000,3,3,3.00238,7.28771,3.1475e-05,2.57375e-05],
[6,3000,4,4,2.70296,5.77537,3.415e-05,2.78406e-05],
[6,3000,5,5,2.54967,4.97464,3.54188e-05,2.93563e-05],
[6,3000,10,10,1.89997,3.47712,4.705e-05,3.23052e-05],
[6,3000,20,20,1.72445,2.67259,5.675e-05,3.57973e-05],
[6,3000,50,50,1.33694,2.04661,7.32688e-05,4.04813e-05],
[6,3000,100,100,1.14825,1.73856,8.98375e-05,4.59653e-05],
[6,3000,200,200,1.09868,1.51112,9.39938e-05,5.07681e-05],
[6,3000,500,500,1.07949,1.28831,9.67875e-05,5.49517e-05],
[6,3000,1000,1000,1.08438,1.15904,9.58438e-05,5.83594e-05],
[6,3000,3000,3000,1.06229,1,9.85375e-05,6.145e-05],
[7,3000,1,1,6.05423,inf,1.70563e-05,1.70563e-05],
[7,3000,2,2,3.94595,11.5507,2.27813e-05,1.99187e-05],
[7,3000,3,3,2.91266,7.28771,3.04125e-05,2.34167e-05],
[7,3000,4,4,2.5705,5.77537,3.64375e-05,2.66719e-05],
[7,3000,5,5,2.62947,4.97464,3.55062e-05,2.84388e-05],
[7,3000,10,10,2.01002,3.47712,4.555e-05,3.12906e-05],
[7,3000,20,20,1.56254,2.67259,6.24063e-05,3.57357e-05],
[7,3000,50,50,1.30269,2.04661,7.485e-05,4.0625e-05],
[7,3000,100,100,1.14921,1.73856,8.45688e-05,4.55076e-05],
[7,3000,200,200,1.06755,1.51112,9.20625e-05,5.01631e-05],
[7,3000,500,500,1.0812,1.28831,9.41375e-05,5.41608e-05],
[7,3000,1000,1000,1.06665,1.15904,9.48937e-05,5.75552e-05],
[7,3000,3000,3000,0.981584,1,0.000113694,6.18736e-05],
[8,3000,1,1,8.22746,inf,1.1925e-05,1.1925e-05],
[8,3000,2,2,3.80438,11.5507,2.42813e-05,1.81031e-05],
[8,3000,3,3,2.69971,7.28771,3.43625e-05,2.35229e-05],
[8,3000,4,4,2.66491,5.77537,3.66688e-05,2.68094e-05],
[8,3000,5,5,2.82652,4.97464,3.4225e-05,2.82925e-05],
[8,3000,10,10,2.08305,3.47712,4.61312e-05,3.12656e-05],
[8,3000,20,20,1.68571,2.67259,5.73125e-05,3.49866e-05],
[8,3000,50,50,1.27546,2.04661,7.51938e-05,4.00125e-05],
[8,3000,100,100,1.10993,1.73856,8.625e-05,4.515e-05],
[8,3000,200,200,1.13069,1.51112,9.48313e-05,5.01181e-05],
[8,3000,500,500,1.12295,1.28831,9.21625e-05,5.39403e-05],
[8,3000,1000,1000,1.1192,1.15904,9.60563e-05,5.745e-05],
[8,3000,3000,3000,1.02918,1,9.8725e-05,6.0625e-05],
[9,3000,1,1,8.27163,inf,1.19188e-05,1.19188e-05],
[9,3000,2,2,3.20344,11.5507,2.97688e-05,2.08438e-05],
[9,3000,3,3,3.31493,7.28771,2.83e-05,2.33292e-05],
[9,3000,4,4,2.8359,5.77537,3.28313e-05,2.57047e-05],
[9,3000,5,5,2.61173,4.97464,3.56875e-05,2.77012e-05],
[9,3000,10,10,1.9822,3.47712,4.77625e-05,3.10448e-05],
[9,3000,20,20,1.76696,2.67259,5.94063e-05,3.50964e-05],
[9,3000,50,50,1.35967,2.04661,7.22875e-05,3.97453e-05],
[9,3000,100,100,1.16696,1.73856,8.4375e-05,4.47042e-05],
[9,3000,200,200,1.09862,1.51112,9.61438e-05,4.98481e-05],
[9,3000,500,500,1.0952,1.28831,9.57188e-05,5.40182e-05],
[9,3000,1000,1000,1.07996,1.15904,9.87188e-05,5.77432e-05],
[9,3000,3000,3000,1.0501,1,9.80625e-05,6.08447e-05],
[10,3000,1,1,5.59298,inf,1.85187e-05,1.85187e-05],
[10,3000,2,2,4.2448,11.5507,2.25188e-05,2.05188e-05],
[10,3000,3,3,3.36484,7.28771,2.68438e-05,2.26271e-05],
[10,3000,4,4,2.4005,5.77537,3.74687e-05,2.63375e-05],
[10,3000,5,5,2.77062,4.97464,3.365e-05,2.78e-05],
[10,3000,10,10,2.00532,3.47712,5.28688e-05,3.19781e-05],
[10,3000,20,20,1.67489,2.67259,5.95563e-05,3.59179e-05],
[10,3000,50,50,1.31125,2.04661,7.42375e-05,4.07078e-05],
[10,3000,100,100,1.10307,1.73856,8.7625e-05,4.59208e-05],
[10,3000,200,200,1.06225,1.51112,9.02625e-05,5.0355e-05],
[10,3000,500,500,1.06887,1.28831,0.000101187,5.49761e-05],
[10,3000,1000,1000,1.08838,1.15904,9.94938e-05,5.86859e-05],
[10,3000,3000,3000,1.06019,1,9.605e-05,6.15601e-05],
[11,3000,1,1,6.86871,inf,1.40438e-05,1.40438e-05],
[11,3000,2,2,3.05736,11.5507,2.89813e-05,2.15125e-05],
[11,3000,3,3,3.06695,7.28771,2.96875e-05,2.42375e-05],
[11,3000,4,4,2.60062,5.77537,3.845e-05,2.77906e-05],
[11,3000,5,5,2.77468,4.97464,3.85563e-05,2.99437e-05],
[11,3000,10,10,2.02042,3.47712,4.83625e-05,3.30135e-05],
[11,3000,20,20,1.70645,2.67259,5.74438e-05,3.65036e-05],
[11,3000,50,50,1.32886,2.04661,7.26187e-05,4.1018e-05],
[11,3000,100,100,1.16451,1.73856,8.3125e-05,4.56965e-05],
[11,3000,200,200,1.06132,1.51112,9.17313e-05,5.03e-05],
[11,3000,500,500,1.03404,1.28831,9.8425e-05,5.4675e-05],
[11,3000,1000,1000,1.11664,1.15904,9.85438e-05,5.83307e-05],
[11,3000,3000,3000,1.05621,1,0.000102744,6.17471e-05],
[0,30000,1,1,6.75093,inf,0.000211238,0.000211238],
[0,30000,2,2,4.93898,14.8727,0.000293363,0.0002523],
[0,30000,3,3,3.81025,9.38361,0.000369838,0.000291479],
[0,30000,4,4,3.51412,7.43634,0.000405763,0.00032005],
[0,30000,5,5,3.4668,6.40531,0.000410025,0.000338045],
[0,30000,10,10,2.71219,4.47712,0.000521437,0.00036861],
[0,30000,20,20,2.23171,3.44121,0.000633125,0.000406398],
[0,30000,50,50,1.85884,2.6352,0.000755463,0.000450031],
[0,30000,100,100,1.69691,2.23856,0.000843138,0.00049371],
[0,30000,200,200,1.48024,1.9457,0.000981237,0.000542463],
[0,30000,500,500,1.27669,1.65883,0.00120009,0.000602247],
[0,30000,1000,1000,1.1677,1.49237,0.0012778,0.000658543],
[0,30000,30000,30000,1.03157,1,0.00137019,0.000713285],
[1,30000,1,1,5.84225,inf,0.000243588,0.000243588],
[1,30000,2,2,4.57582,14.8727,0.000310513,0.00027705],
[1,30000,3,3,4.20828,9.38361,0.000335125,0.000296408],
[1,30000,4,4,4.20149,7.43634,0.000339838,0.000307266],
[1,30000,5,5,3.38508,6.40531,0.000421213,0.000330055],
[1,30000,10,10,2.71423,4.47712,0.0005368,0.000364513],
[1,30000,20,20,2.29028,3.44121,0.000639588,0.000403809],
[1,30000,50,50,1.93187,2.6352,0.00074105,0.000445964],
[1,30000,100,100,1.67563,2.23856,0.0008441,0.000490201],
[1,30000,200,200,1.42855,1.9457,0.000986125,0.000539794],
[1,30000,500,500,1.25672,1.65883,0.00117265,0.000597326],
[1,30000,1000,1000,1.11417,1.49237,0.00127044,0.000653419],
[1,30000,30000,30000,1.06926,1,0.00134816,0.000706861],
[2,30000,1,1,7.92639,inf,0.000180863,0.000180863],
[2,30000,2,2,6.07279,14.8727,0.00023475,0.000207806],
[2,30000,3,3,4.13249,9.38361,0.000337663,0.000251092],
[2,30000,4,4,3.48705,7.43634,0.000406475,0.000289938],
[2,30000,5,5,3.62004,6.40531,0.000395338,0.000311018],
[2,30000,10,10,2.71688,4.47712,0.000536838,0.000348654],
[2,30000,20,20,2.35782,3.44121,0.000658575,0.000392929],
[2,30000,50,50,1.93988,2.6352,0.0007938,0.000443038],
[2,30000,100,100,1.71258,2.23856,0.000879688,0.000491554],
[2,30000,200,200,1.49412,1.9457,0.00098,0.000540399],
[2,30000,500,500,1.26239,1.65883,0.00114928,0.000595751],
[2,30000,1000,1000,1.13506,1.49237,0.00129571,0.000654081],
[2,30000,30000,30000,1.0463,1,0.00147183,0.000716985],
[3,30000,1,1,6.9784,inf,0.000215863,0.000215863],
[3,30000,2,2,5.2603,14.8727,0.000273675,0.000244769],
[3,30000,3,3,4.18871,9.38361,0.0003516,0.000280379],
[3,30000,4,4,3.47072,7.43634,0.000421563,0.000315675],
[3,30000,5,5,3.64918,6.40531,0.000398388,0.000332218],
[3,30000,10,10,2.88123,4.47712,0.000519388,0.000363413],
[3,30000,20,20,2.32166,3.44121,0.000632775,0.000401893],
[3,30000,50,50,1.98294,2.6352,0.00079185,0.000450638],
[3,30000,100,100,1.72605,2.23856,0.000864813,0.000496657],
[3,30000,200,200,1.51043,1.9457,0.000988137,0.000545805],
[3,30000,500,500,1.32365,1.65883,0.0011159,0.000597632],
[3,30000,1000,1000,1.16146,1.49237,0.00125664,0.000652549],
[3,30000,30000,30000,1.02999,1,0.001459,0.000714584],
[4,30000,1,1,6.39851,inf,0.000228288,0.000228288],
[4,30000,2,2,6.14382,14.8727,0.000236238,0.000232263],
[4,30000,3,3,4.25456,9.38361,0.000351188,0.000271904],
[4,30000,4,4,3.74719,7.43634,0.000386563,0.000300569],
[4,30000,5,5,3.64823,6.40531,0.000393225,0.0003191],
[4,30000,10,10,2.65897,4.47712,0.000526638,0.00035369],
[4,30000,20,20,2.34466,3.44121,0.000620325,0.00039178],
[4,30000,50,50,1.9304,2.6352,0.000795088,0.000442194],
[4,30000,100,100,1.67644,2.23856,0.000935875,0.000497047],
[4,30000,200,200,1.51871,1.9457,0.000977275,0.00054507],
[4,30000,500,500,1.28183,1.65883,0.00116684,0.000601594],
[4,30000,1000,1000,1.15515,1.49237,0.00124351,0.000655088],
[4,30000,30000,30000,1.0751,1,0.00137386,0.000710378],
[5,30000,1,1,6.37647,inf,0.000245075,0.000245075],
[5,30000,2,2,5.25968,14.8727,0.000288188,0.000266631],
[5,30000,3,3,4.204,9.38361,0.000350363,0.000294542],
[5,30000,4,4,3.57659,7.43634,0.000429375,0.00032825],
[5,30000,5,5,3.85597,6.40531,0.0003901,0.00034062],
[5,30000,10,10,2.94899,4.47712,0.000497213,0.000366719],
[5,30000,20,20,2.5222,3.44121,0.000580213,0.000397218],
[5,30000,50,50,1.97873,2.6352,0.000757075,0.0004422],
[5,30000,100,100,1.70152,2.23856,0.00091505,0.000494739],
[5,30000,200,200,1.52641,1.9457,0.00099315,0.00054458],
[5,30000,500,500,1.31017,1.65883,0.00114244,0.000598931],
[5,30000,1000,1000,1.17248,1.49237,0.00124651,0.000652896],
[5,30000,30000,30000,1.07721,1,0.00133601,0.000705443],
[6,30000,1,1,6.84553,inf,0.000216225,0.000216225],
[6,30000,2,2,4.35397,14.8727,0.000348725,0.000282475],
[6,30000,3,3,3.98154,9.38361,0.000375888,0.000313613],
[6,30000,4,4,3.74788,7.43634,0.0003894,0.000332559],
[6,30000,5,5,3.50883,6.40531,0.000408538,0.000347755],
[6,30000,10,10,2.76566,4.47712,0.0005251,0.000377313],
[6,30000,20,20,2.37074,3.44121,0.000615388,0.000411323],
[6,30000,50,50,1.96659,2.6352,0.000742188,0.000452681],
[6,30000,100,100,1.62763,2.23856,0.000909888,0.000503482],
[6,30000,200,200,1.492,1.9457,0.00102398,0.000555531],
[6,30000,500,500,1.27736,1.65883,0.00120078,0.00061419],
[6,30000,1000,1000,1.14088,1.49237,0.00130879,0.000672073],
[6,30000,30000,30000,1.04502,1,0.00145781,0.000732514],
[7,30000,1,1,6.18519,inf,0.000240963,0.000240963],
[7,30000,2,2,4.72653,14.8727,0.000314388,0.000277675],
[7,30000,3,3,4.09678,9.38361,0.00037235,0.000309233],
[7,30000,4,4,4.13883,7.43634,0.00036005,0.000321938],
[7,30000,5,5,3.3223,6.40531,0.000445775,0.000346705],
[7,30000,10,10,2.77866,4.47712,0.000524538,0.000376344],
[7,30000,20,20,2.38212,3.44121,0.000593525,0.00040737],
[7,30000,50,50,1.88299,2.6352,0.000740113,0.000448963],
[7,30000,100,100,1.71911,2.23856,0.000821275,0.000490331],
[7,30000,200,200,1.46509,1.9457,0.000943963,0.000535694],
[7,30000,500,500,1.27572,1.65883,0.00116954,0.000593316],
[7,30000,1000,1000,1.14278,1.49237,0.00128105,0.000650627],
[7,30000,30000,30000,1.02617,1,0.00138583,0.000707181],
[8,30000,1,1,5.55384,inf,0.000266188,0.000266188],
[8,30000,2,2,4.262,14.8727,0.000348663,0.000307425],
[8,30000,3,3,4.13362,9.38361,0.00034885,0.000321233],
[8,30000,4,4,3.71662,7.43634,0.00040105,0.000341188],
[8,30000,5,5,3.32131,6.40531,0.000450188,0.000362988],
[8,30000,10,10,2.91872,4.47712,0.0004955,0.000385073],
[8,30000,20,20,2.33678,3.44121,0.000624038,0.000419211],
[8,30000,50,50,1.99741,2.6352,0.00071905,0.000456691],
[8,30000,100,100,1.73543,2.23856,0.000844488,0.000499779],
[8,30000,200,200,1.56803,1.9457,0.000940738,0.000543875],
[8,30000,500,500,1.33477,1.65883,0.00115423,0.000599361],
[8,30000,1000,1000,1.19265,1.49237,0.0012597,0.00065439],
[8,30000,30000,30000,1.04737,1,0.00138386,0.000710503],
[9,30000,1,1,7.54368,inf,0.000196738,0.000196738],
[9,30000,2,2,5.22138,14.8727,0.000277125,0.000236931],
[9,30000,3,3,3.82799,9.38361,0.000382175,0.000285346],
[9,30000,4,4,3.61969,7.43634,0.000415813,0.000317962],
[9,30000,5,5,3.55441,6.40531,0.000433525,0.000341075],
[9,30000,10,10,2.82064,4.47712,0.0005503,0.000375946],
[9,30000,20,20,2.32858,3.44121,0.000661638,0.000416759],
[9,30000,50,50,1.96739,2.6352,0.0007725,0.000461227],
[9,30000,100,100,1.72681,2.23856,0.00085285,0.00050474],
[9,30000,200,200,1.50693,1.9457,0.000982875,0.000552554],
[9,30000,500,500,1.28643,1.65883,0.00115688,0.000607492],
[9,30000,1000,1000,1.1369,1.49237,0.00128005,0.000663539],
[9,30000,30000,30000,1.04369,1,0.00138013,0.000718661],
[10,30000,1,1,5.72863,inf,0.000255138,0.000255138],
[10,30000,2,2,5.1635,14.8727,0.000296788,0.000275962],
[10,30000,3,3,4.14814,9.38361,0.000354313,0.000302079],
[10,30000,4,4,3.71653,7.43634,0.000399375,0.000326403],
[10,30000,5,5,3.30143,6.40531,0.000446125,0.000350347],
[10,30000,10,10,2.96336,4.47712,0.000481438,0.000372196],
[10,30000,20,20,2.4699,3.44121,0.000588525,0.0004031],
[10,30000,50,50,2.01046,2.6352,0.0007208,0.000442813],
[10,30000,100,100,1.72072,2.23856,0.000867588,0.00049001],
[10,30000,200,200,1.4486,1.9457,0.00105302,0.000546311],
[10,30000,500,500,1.30338,1.65883,0.00113471,0.000599802],
[10,30000,1000,1000,1.14764,1.49237,0.00126301,0.00065507],
[10,30000,30000,30000,1.08976,1,0.00136305,0.00070953],
[11,30000,1,1,7.79775,inf,0.000184363,0.000184363],
[11,30000,2,2,5.32014,14.8727,0.00027355,0.000228956],
[11,30000,3,3,4.28919,9.38361,0.000337325,0.000265079],
[11,30000,4,4,3.69434,7.43634,0.000419788,0.000303756],
[11,30000,5,5,3.43504,6.40531,0.0004449,0.000331985],
[11,30000,10,10,2.90164,4.47712,0.000520038,0.000363327],
[11,30000,20,20,2.22798,3.44121,0.000680913,0.000408696],
[11,30000,50,50,1.92233,2.6352,0.0007929,0.000456722],
[11,30000,100,100,1.67931,2.23856,0.0009069,0.000506742],
[11,30000,200,200,1.51539,1.9457,0.00100419,0.000556486],
[11,30000,500,500,1.26124,1.65883,0.00118545,0.000613665],
[11,30000,1000,1000,1.1382,1.49237,0.00129988,0.000670849],
[11,30000,30000,30000,1.04035,1,0.00139671,0.000726685],
[0,300000,1,1,8.08661,inf,0.00224888,0.00224888],
[0,300000,2,2,5.67471,18.1946,0.00314455,0.00269671],
[0,300000,3,3,5.09847,11.4795,0.00368413,0.00302585],
[0,300000,4,4,4.83695,9.0973,0.0037472,0.00320619],
[0,300000,5,5,4.17334,7.83599,0.00446613,0.00345817],
[0,300000,10,10,3.33143,5.47712,0.00551488,0.00380096],
[0,300000,20,20,2.92838,4.20983,0.0064943,0.00418572],
[0,300000,50,50,2.51378,3.22379,0.00727983,0.00457248],
[0,300000,100,100,2.25081,2.73856,0.0084969,0.00500853],
[0,300000,200,200,1.91588,2.38029,0.00968562,0.00547624],
[0,300000,500,500,1.66507,2.02934,0.0112052,0.00599705],
[0,300000,1000,1000,1.54903,1.82571,0.0118168,0.00648203],
[0,300000,300000,300000,1.03986,1,0.0183253,0.00739305],
[1,300000,1,1,10.2104,inf,0.00178153,0.00178153],
[1,300000,2,2,5.59108,18.1946,0.00314533,0.00246342],
[1,300000,3,3,4.76507,11.4795,0.0038846,0.00293715],
[1,300000,4,4,4.95086,9.0973,0.00365268,0.00311603],
[1,300000,5,5,3.94173,7.83599,0.00469425,0.00343167],
[1,300000,10,10,3.51057,5.47712,0.0051496,0.003718],
[1,300000,20,20,3.21863,4.20983,0.00582253,0.00401864],
[1,300000,50,50,2.50338,3.22379,0.00738748,0.00443975],
[1,300000,100,100,2.1152,2.73856,0.00941515,0.00499257],
[1,300000,200,200,1.997,2.38029,0.0091277,0.00540608],
[1,300000,500,500,1.65034,2.02934,0.011156,0.0059288],
[1,300000,1000,1000,1.55326,1.82571,0.0114109,0.00638564],
[1,300000,300000,300000,1.01669,1,0.0179087,0.00727202],
[2,300000,1,1,7.84948,inf,0.00237222,0.00237222],
[2,300000,2,2,6.00685,18.1946,0.0031528,0.00276251],
[2,300000,3,3,4.47974,11.4795,0.00422093,0.00324865],
[2,300000,4,4,5.03748,9.0973,0.00375468,0.00337516],
[2,300000,5,5,4.11646,7.83599,0.00446895,0.00359392],
[2,300000,10,10,3.45184,5.47712,0.00548515,0.00390912],
[2,300000,20,20,2.99823,4.20983,0.00632748,0.0042546],
[2,300000,50,50,2.44237,3.22379,0.00777835,0.00469507],
[2,300000,100,100,2.11633,2.73856,0.00868698,0.00513861],
[2,300000,200,200,1.92223,2.38029,0.0097643,0.00560118],
[2,300000,500,500,1.68053,2.02934,0.0104568,0.0060426],
[2,300000,1000,1000,1.5811,1.82571,0.0117536,0.00651852],
[2,300000,300000,300000,1.08379,1,0.0173214,0.00734951],
[3,300000,1,1,7.38333,inf,0.00246178,0.00246178],
[3,300000,2,2,5.81577,18.1946,0.00321105,0.00283641],
[3,300000,3,3,5.04404,11.4795,0.00363968,0.00310417],
[3,300000,4,4,5.33402,9.0973,0.00344085,0.00318834],
[3,300000,5,5,3.95354,7.83599,0.00455213,0.00346109],
[3,300000,10,10,3.66886,5.47712,0.00505648,0.00372699],
[3,300000,20,20,3.067,4.20983,0.00588253,0.00403492],
[3,300000,50,50,2.45424,3.22379,0.0074636,0.00446351],
[3,300000,100,100,2.19775,2.73856,0.00815423,0.00487359],
[3,300000,200,200,1.95732,2.38029,0.0096697,0.0053532],
[3,300000,500,500,1.72528,2.02934,0.0104238,0.00581416],
[3,300000,1000,1000,1.52943,1.82571,0.0113876,0.00627861],
[3,300000,300000,300000,1.04808,1,0.0174674,0.00713929],
[4,300000,1,1,6.63384,inf,0.00276928,0.00276928],
[4,300000,2,2,5.65888,18.1946,0.00335352,0.0030614],
[4,300000,3,3,5.08847,11.4795,0.0035012,0.003208],
[4,300000,4,4,4.59921,9.0973,0.0038525,0.00336913],
[4,300000,5,5,4.63718,7.83599,0.0039134,0.00347798],
[4,300000,10,10,3.79391,5.47712,0.0048254,0.00370255],
[4,300000,20,20,3.02572,4.20983,0.00625685,0.00406745],
[4,300000,50,50,2.39783,3.22379,0.00759938,0.00450894],
[4,300000,100,100,2.14453,2.73856,0.00877613,0.00498307],
[4,300000,200,200,1.98349,2.38029,0.00908268,0.00539303],
[4,300000,500,500,1.75687,2.02934,0.0106721,0.00587295],
[4,300000,1000,1000,1.5364,1.82571,0.0116304,0.00635273],
[4,300000,300000,300000,1.04706,1,0.0172134,0.00718817],
[5,300000,1,1,7.32208,inf,0.00244128,0.00244128],
[5,300000,2,2,5.89242,18.1946,0.00316275,0.00280201],
[5,300000,3,3,4.45494,11.4795,0.0040454,0.00321647],
[5,300000,4,4,4.93045,9.0973,0.00384945,0.00337472],
[5,300000,5,5,4.31365,7.83599,0.00420317,0.00354041],
[5,300000,10,10,3.47123,5.47712,0.00537995,0.003847],
[5,300000,20,20,2.9892,4.20983,0.00601648,0.00415693],
[5,300000,50,50,2.26698,3.22379,0.0081249,0.00465292],
[5,300000,100,100,2.14607,2.73856,0.00827567,0.00505545],
[5,300000,200,200,1.98757,2.38029,0.00933858,0.00548376],
[5,300000,500,500,1.68412,2.02934,0.0106445,0.00595292],
[5,300000,1000,1000,1.49537,1.82571,0.0124355,0.00649314],
[5,300000,300000,300000,1.05795,1,0.0179063,0.00737107],
[6,300000,1,1,9.1333,inf,0.0020307,0.0020307],
[6,300000,2,2,5.77973,18.1946,0.00330655,0.00266862],
[6,300000,3,3,5.54548,11.4795,0.0032872,0.00287482],
[6,300000,4,4,4.94945,9.0973,0.00375005,0.00309363],
[6,300000,5,5,4.69852,7.83599,0.0045032,0.00337554],
[6,300000,10,10,3.6785,5.47712,0.00517653,0.0036757],
[6,300000,20,20,3.11124,4.20983,0.00607893,0.00401902],
[6,300000,50,50,2.64384,3.22379,0.00707843,0.00440145],
[6,300000,100,100,2.26345,2.73856,0.007951,0.00479584],
[6,300000,200,200,1.89401,2.38029,0.0104349,0.00535975],
[6,300000,500,500,1.55987,2.02934,0.0123403,0.00599435],
[6,300000,1000,1000,1.648,1.82571,0.0114154,0.0064461],
[6,300000,300000,300000,1.05824,1,0.0173137,0.00728207],
[7,300000,1,1,7.69184,inf,0.00234305,0.00234305],
[7,300000,2,2,5.17589,18.1946,0.0034916,0.00291733],
[7,300000,3,3,4.56835,11.4795,0.00407428,0.00330298],
[7,300000,4,4,5.20989,9.0973,0.00360828,0.0033793],
[7,300000,5,5,4.896,7.83599,0.00382335,0.00346811],
[7,300000,10,10,3.43136,5.47712,0.00525863,0.00376653],
[7,300000,20,20,2.84859,4.20983,0.00653355,0.00416182],
[7,300000,50,50,2.44323,3.22379,0.00751805,0.00458135],
[7,300000,100,100,2.13493,2.73856,0.00875008,0.00504454],
[7,300000,200,200,1.94283,2.38029,0.00950977,0.00549106],
[7,300000,500,500,1.62881,2.02934,0.0113153,0.00602054],
[7,300000,1000,1000,1.49574,1.82571,0.0121757,0.00653346],
[7,300000,300000,300000,1.03623,1,0.0173981,0.0073692],
[8,300000,1,1,7.46012,inf,0.00242647,0.00242647],
[8,300000,2,2,6.19409,18.1946,0.00299565,0.00271106],
[8,300000,3,3,5.24423,11.4795,0.00356065,0.00299426],
[8,300000,4,4,4.37731,9.0973,0.00434703,0.00333245],
[8,300000,5,5,4.292,7.83599,0.00437813,0.00354158],
[8,300000,10,10,3.67844,5.47712,0.00498773,0.00378261],
[8,300000,20,20,3.2141,4.20983,0.0059576,0.00409332],
[8,300000,50,50,2.38048,3.22379,0.00778615,0.00455492],
[8,300000,100,100,2.25233,2.73856,0.00805602,0.00494394],
[8,300000,200,200,1.98106,2.38029,0.0092149,0.00537103],
[8,300000,500,500,1.72946,2.02934,0.0105431,0.00584122],
[8,300000,1000,1000,1.56676,1.82571,0.0118889,0.0063452],
[8,300000,300000,300000,1.0847,1,0.0169888,0.00716394],
[9,300000,1,1,7.56025,inf,0.00244158,0.00244158],
[9,300000,2,2,7.02095,18.1946,0.00265455,0.00254806],
[9,300000,3,3,4.93595,11.4795,0.00370238,0.00293283],
[9,300000,4,4,4.46285,9.0973,0.00415318,0.00323792],
[9,300000,5,5,4.41989,7.83599,0.00413835,0.00341801],
[9,300000,10,10,3.69131,5.47712,0.00507283,0.00369381],
[9,300000,20,20,3.02189,4.20983,0.00594485,0.00401539],
[9,300000,50,50,2.4893,3.22379,0.00709725,0.00440062],
[9,300000,100,100,2.15293,2.73856,0.0086216,0.00486962],
[9,300000,200,200,1.88303,2.38029,0.00943905,0.00532656],
[9,300000,500,500,1.69589,2.02934,0.0110001,0.00584234],
[9,300000,1000,1000,1.53632,1.82571,0.0120479,0.00635947],
[9,300000,300000,300000,1.05262,1,0.0174182,0.00721014],
[10,300000,1,1,10.0016,inf,0.00179703,0.00179703],
[10,300000,2,2,5.70653,18.1946,0.00327478,0.0025359],
[10,300000,3,3,5.01928,11.4795,0.0035398,0.00287053],
[10,300000,4,4,5.30548,9.0973,0.00365258,0.00306604],
[10,300000,5,5,4.32898,7.83599,0.00418287,0.00328941],
[10,300000,10,10,3.55995,5.47712,0.00517453,0.0036036],
[10,300000,20,20,3.10307,4.20983,0.00599995,0.00394593],
[10,300000,50,50,2.56085,3.22379,0.0074204,0.00438024],
[10,300000,100,100,2.1283,2.73856,0.00861698,0.00485099],
[10,300000,200,200,2.07197,2.38029,0.00914953,0.00528084],
[10,300000,500,500,1.67994,2.02934,0.0105196,0.00575709],
[10,300000,1000,1000,1.53496,1.82571,0.0122842,0.00630102],
[10,300000,300000,300000,1.06094,1,0.0170001,0.00712402],
[11,300000,1,1,7.60455,inf,0.0023761,0.0023761],
[11,300000,2,2,5.23239,18.1946,0.00382285,0.00309947],
[11,300000,3,3,5.18091,11.4795,0.00362868,0.00327587],
[11,300000,4,4,4.70712,9.0973,0.00404565,0.00346832],
[11,300000,5,5,4.19862,7.83599,0.00431208,0.00363707],
[11,300000,10,10,3.62265,5.47712,0.00515715,0.00389042],
[11,300000,20,20,2.80849,4.20983,0.00642508,0.00425251],
[11,300000,50,50,2.36717,3.22379,0.0076986,0.00468327],
[11,300000,100,100,2.26634,2.73856,0.00806645,0.00505918],
[11,300000,200,200,1.81395,2.38029,0.0100169,0.00555495],
[11,300000,500,500,1.74295,2.02934,0.0102842,0.00598488],
[11,300000,1000,1000,1.53664,1.82571,0.0120409,0.00648955],
[11,300000,300000,300000,1.0597,1,0.017319,0.00732259],
[0,3000000,1,1,8.30383,inf,0.0264267,0.0264267],
[0,3000000,2,2,5.79763,21.5165,0.0374445,0.0319356],
[0,3000000,3,3,5.66837,13.5754,0.0382864,0.0340525],
[0,3000000,4,4,4.94318,10.7583,0.043833,0.0364976],
[0,3000000,5,5,4.60464,9.26667,0.0473967,0.0386774],
[0,3000000,10,10,4.08488,6.47712,0.0532573,0.0411074],
[0,3000000,20,20,3.24842,4.97846,0.0665715,0.0447451],
[0,3000000,50,50,2.9003,3.81238,0.0760046,0.0486526],
[0,3000000,100,100,2.63798,3.23856,0.0823751,0.0523995],
[0,3000000,200,200,2.27226,2.81488,0.0959289,0.0567524],
[0,3000000,500,500,2.02781,2.39985,0.10762,0.0613768],
[0,3000000,1000,1000,1.84939,2.15904,0.11762,0.0660637],
[0,3000000,3000000,3000000,1.05141,1,0.204494,0.0767122],
[1,3000000,1,1,9.12161,inf,0.0236935,0.0236935],
[1,3000000,2,2,7.19017,21.5165,0.0306708,0.0271822],
[1,3000000,3,3,6.48018,13.5754,0.0332855,0.0292166],
[1,3000000,4,4,5.99651,10.7583,0.0363302,0.030995],
[1,3000000,5,5,5.20572,9.26667,0.0417188,0.0331398],
[1,3000000,10,10,4.16385,6.47712,0.0526048,0.0363839],
[1,3000000,20,20,3.50585,4.97846,0.062017,0.0400458],
[1,3000000,50,50,2.98399,3.81238,0.0734047,0.0442156],
[1,3000000,100,100,2.67436,3.23856,0.0816076,0.0483703],
[1,3000000,200,200,2.34927,2.81488,0.0917698,0.0527103],
[1,3000000,500,500,2.02558,2.39985,0.105884,0.0575442],
[1,3000000,1000,1000,1.84927,2.15904,0.116989,0.0624979],
[1,3000000,3000000,3000000,1.09164,1,0.197817,0.0729071],
[2,3000000,1,1,9.58218,inf,0.0229799,0.0229799],
[2,3000000,2,2,8.47579,21.5165,0.0256975,0.0243387],
[2,3000000,3,3,5.91709,13.5754,0.0368974,0.0285249],
[2,3000000,4,4,5.04166,10.7583,0.0432152,0.0321975],
[2,3000000,5,5,4.91099,9.26667,0.0443715,0.0346323],
[2,3000000,10,10,3.91732,6.47712,0.0554988,0.03811],
[2,3000000,20,20,3.56807,4.97846,0.0615312,0.0414559],
[2,3000000,50,50,2.94832,3.81238,0.0737542,0.0454932],
[2,3000000,100,100,2.60754,3.23856,0.0847383,0.0498538],
[2,3000000,200,200,2.39164,2.81488,0.0937018,0.0542386],
[2,3000000,500,500,2.09883,2.39985,0.104623,0.058819],
[2,3000000,1000,1000,1.9245,2.15904,0.114276,0.0634404],
[2,3000000,3000000,3000000,1.0337,1,0.205916,0.0744],
[3,3000000,1,1,9.95655,inf,0.0217268,0.0217268],
[3,3000000,2,2,7.21529,21.5165,0.0305709,0.0261488],
[3,3000000,3,3,5.97096,13.5754,0.0368792,0.0297256],
[3,3000000,4,4,5.12649,10.7583,0.0427076,0.0329711],
[3,3000000,5,5,4.94995,9.26667,0.0441702,0.0352109],
[3,3000000,10,10,3.93701,6.47712,0.0557787,0.0386389],
[3,3000000,20,20,3.37122,4.97846,0.0648714,0.0423864],
[3,3000000,50,50,2.84633,3.81238,0.0773365,0.0467551],
[3,3000000,100,100,2.50593,3.23856,0.0860615,0.0511225],
[3,3000000,200,200,2.27532,2.81488,0.0968074,0.055691],
[3,3000000,500,500,1.97814,2.39985,0.109442,0.0605774],
[3,3000000,1000,1000,1.8641,2.15904,0.115405,0.0651464],
[3,3000000,3000000,3000000,1.08361,1,0.203139,0.0757612],
[4,3000000,1,1,9.32272,inf,0.023509,0.023509],
[4,3000000,2,2,7.94158,21.5165,0.0272968,0.0254029],
[4,3000000,3,3,6.18439,13.5754,0.0354348,0.0287469],
[4,3000000,4,4,5.2035,10.7583,0.041147,0.0318469],
[4,3000000,5,5,5.05614,9.26667,0.0426623,0.03401],
[4,3000000,10,10,4.01102,6.47712,0.0536599,0.0372849],
[4,3000000,20,20,3.40066,4.97846,0.0643987,0.0411583],
[4,3000000,50,50,2.94788,3.81238,0.0732489,0.0451697],
[4,3000000,100,100,2.55527,3.23856,0.0844196,0.0495308],
[4,3000000,200,200,2.35864,2.81488,0.0928337,0.0538611],
[4,3000000,500,500,2.09403,2.39985,0.105726,0.058576],
[4,3000000,1000,1000,1.94133,2.15904,0.112776,0.0630927],
[4,3000000,3000000,3000000,1.04931,1,0.205154,0.0740204],
[5,3000000,1,1,8.70445,inf,0.0255654,0.0255654],
[5,3000000,2,2,7.52356,21.5165,0.0289125,0.0272389],
[5,3000000,3,3,5.34463,13.5754,0.0403821,0.03162],
[5,3000000,4,4,5.09467,10.7583,0.0427936,0.0344134],
[5,3000000,5,5,4.77572,9.26667,0.0454834,0.0366274],
[5,3000000,10,10,3.78921,6.47712,0.0571601,0.0400495],
[5,3000000,20,20,3.32145,4.97846,0.0653092,0.043658],
[5,3000000,50,50,2.80756,3.81238,0.0766423,0.0477811],
[5,3000000,100,100,2.50306,3.23856,0.0875666,0.0522017],
[5,3000000,200,200,2.28441,2.81488,0.095595,0.056541],
[5,3000000,500,500,2.01333,2.39985,0.108282,0.0612448],
[5,3000000,1000,1000,1.8493,2.15904,0.117586,0.0659399],
[5,3000000,3000000,3000000,1.08344,1,0.201378,0.0763582],
[6,3000000,1,1,10.0893,inf,0.0216205,0.0216205],
[6,3000000,2,2,6.21957,21.5165,0.0348205,0.0282205],
[6,3000000,3,3,5.40817,13.5754,0.0404741,0.032305],
[6,3000000,4,4,4.86535,10.7583,0.0444868,0.0353505],
[6,3000000,5,5,4.69128,9.26667,0.0467469,0.0376297],
[6,3000000,10,10,3.87872,6.47712,0.05604,0.0406981],
[6,3000000,20,20,3.49988,4.97846,0.0624339,0.0438032],
[6,3000000,50,50,2.86289,3.81238,0.0755786,0.0477751],
[6,3000000,100,100,2.55339,3.23856,0.0878763,0.0522308],
[6,3000000,200,200,2.33181,2.81488,0.0951143,0.0565192],
[6,3000000,500,500,2.09119,2.39985,0.103963,0.0608323],
[6,3000000,1000,1000,1.87029,2.15904,0.116935,0.0655075],
[6,3000000,3000000,3000000,1.02959,1,0.207274,0.0764126],
[7,3000000,1,1,7.25073,inf,0.029829,0.029829],
[7,3000000,2,2,7.4109,21.5165,0.0294534,0.0296412],
[7,3000000,3,3,5.26714,13.5754,0.0420712,0.0337845],
[7,3000000,4,4,5.0958,10.7583,0.0432969,0.0361626],
[7,3000000,5,5,4.92566,9.26667,0.0442937,0.0377888],
[7,3000000,10,10,4.04458,6.47712,0.0542773,0.0405369],
[7,3000000,20,20,3.38755,4.97846,0.064018,0.0438913],
[7,3000000,50,50,2.89291,3.81238,0.0745391,0.0477223],
[7,3000000,100,100,2.54002,3.23856,0.0853581,0.0519041],
[7,3000000,200,200,2.31257,2.81488,0.0941718,0.0561308],
[7,3000000,500,500,2.05443,2.39985,0.106846,0.0607413],
[7,3000000,1000,1000,1.8713,2.15904,0.115282,0.0652864],
[7,3000000,3000000,3000000,1.10525,1,0.201348,0.0757527],
[8,3000000,1,1,9.00769,inf,0.0242278,0.0242278],
[8,3000000,2,2,5.89943,21.5165,0.0364041,0.0303159],
[8,3000000,3,3,5.28164,13.5754,0.0410743,0.033902],
[8,3000000,4,4,4.78597,10.7583,0.044839,0.0366363],
[8,3000000,5,5,4.59844,9.26667,0.0468463,0.0386783],
[8,3000000,10,10,4.01872,6.47712,0.0539408,0.041222],
[8,3000000,20,20,3.388,4.97846,0.0638931,0.0444608],
[8,3000000,50,50,2.90279,3.81238,0.0744492,0.0482093],
[8,3000000,100,100,2.52816,3.23856,0.0865267,0.0524668],
[8,3000000,200,200,2.37073,2.81488,0.0924199,0.0564621],
[8,3000000,500,500,2.02109,2.39985,0.108437,0.0611871],
[8,3000000,1000,1000,1.91145,2.15904,0.114566,0.0656353],
[8,3000000,3000000,3000000,1.02895,1,0.20824,0.0766049],
[9,3000000,1,1,7.75475,inf,0.0277941,0.0277941],
[9,3000000,2,2,7.69877,21.5165,0.028418,0.0281061],
[9,3000000,3,3,6.14814,13.5754,0.0354372,0.0305498],
[9,3000000,4,4,5.0581,10.7583,0.0427561,0.0336014],
[9,3000000,5,5,4.62819,9.26667,0.0459426,0.0360696],
[9,3000000,10,10,4.08794,6.47712,0.0527958,0.0388573],
[9,3000000,20,20,3.48438,4.97846,0.0617513,0.0421279],
[9,3000000,50,50,2.84916,3.81238,0.0752623,0.0462697],
[9,3000000,100,100,2.52694,3.23856,0.0850822,0.0505822],
[9,3000000,200,200,2.28761,2.81488,0.0931036,0.0548343],
[9,3000000,500,500,2.06937,2.39985,0.105695,0.059458],
[9,3000000,1000,1000,1.86548,2.15904,0.114852,0.0640742],
[9,3000000,3000000,3000000,1.07999,1,0.199474,0.0744895],
[10,3000000,1,1,9.25169,inf,0.0239855,0.0239855],
[10,3000000,2,2,8.26555,21.5165,0.0264756,0.0252305],
[10,3000000,3,3,5.62972,13.5754,0.0387476,0.0297362],
[10,3000000,4,4,4.87436,10.7583,0.0442282,0.0333592],
[10,3000000,5,5,4.60306,9.26667,0.0472875,0.0361448],
[10,3000000,10,10,4.07201,6.47712,0.0533579,0.0390137],
[10,3000000,20,20,3.43621,4.97846,0.0636765,0.042537],
[10,3000000,50,50,2.86556,3.81238,0.0761438,0.0467378],
[10,3000000,100,100,2.62978,3.23856,0.0848209,0.0509693],
[10,3000000,200,200,2.32362,2.81488,0.0946131,0.0553336],
[10,3000000,500,500,2.0711,2.39985,0.10556,0.0598997],
[10,3000000,1000,1000,1.89818,2.15904,0.115265,0.0645134],
[10,3000000,3000000,3000000,1.00763,1,0.210528,0.0757453],
[11,3000000,1,1,8.01561,inf,0.0270369,0.0270369],
[11,3000000,2,2,6.6718,21.5165,0.0327431,0.02989],
[11,3000000,3,3,6.15054,13.5754,0.0356057,0.0317952],
[11,3000000,4,4,5.16533,10.7583,0.0426549,0.0345101],
[11,3000000,5,5,4.80254,9.26667,0.0454965,0.0367074],
[11,3000000,10,10,4.04909,6.47712,0.0538868,0.0395706],
[11,3000000,20,20,3.39407,4.97846,0.0639636,0.0430553],
[11,3000000,50,50,2.83257,3.81238,0.0765868,0.0472468],
[11,3000000,100,100,2.43563,3.23856,0.0882768,0.0518057],
[11,3000000,200,200,2.296,2.81488,0.0957807,0.0562032],
[11,3000000,500,500,2.02779,2.39985,0.107804,0.0608941],
[11,3000000,1000,1000,1.87122,2.15904,0.115568,0.0654503],
[11,3000000,3000000,3000000,1.09775,1,0.20328,0.0760525],
[0,30000000,1,1,12.818,inf,0.194858,0.194858],
[0,30000000,2,2,6.62485,24.8385,0.378882,0.28687],
[0,30000000,3,3,5.98339,15.6713,0.417481,0.330407],
[0,30000000,4,4,6.02989,12.4192,0.415164,0.351596],
[0,30000000,5,5,5.6353,10.6973,0.443445,0.369966],
[0,30000000,10,10,4.35005,7.47712,0.575121,0.404158],
[0,30000000,20,20,3.82829,5.74708,0.653186,0.439734],
[0,30000000,50,50,3.12182,4.40097,0.804937,0.485384],
[0,30000000,100,100,2.82952,3.73856,0.884381,0.529717],
[0,30000000,200,200,2.55415,3.24947,0.985528,0.575298],
[0,30000000,500,500,2.20076,2.77036,1.13792,0.626446],
[0,30000000,1000,1000,2.08789,2.49237,1.20435,0.674605],
[0,30000000,30000000,30000000,1.06005,1,2.36391,0.804552],
[1,30000000,1,1,11.2644,inf,0.223954,0.223954],
[1,30000000,2,2,7.84837,24.8385,0.320654,0.272304],
[1,30000000,3,3,6.13425,15.6713,0.410291,0.3183],
[1,30000000,4,4,6.11863,12.4192,0.411139,0.341509],
[1,30000000,5,5,5.2829,10.6973,0.478666,0.368941],
[1,30000000,10,10,4.45376,7.47712,0.570068,0.402462],
[1,30000000,20,20,3.72187,5.74708,0.677606,0.441768],
[1,30000000,50,50,3.18057,4.40097,0.799949,0.486541],
[1,30000000,100,100,2.81796,3.73856,0.893133,0.531718],
[1,30000000,200,200,2.54669,3.24947,0.98726,0.577272],
[1,30000000,500,500,2.28897,2.77036,1.10527,0.625272],
[1,30000000,1000,1000,2.08814,2.49237,1.20613,0.673677],
[1,30000000,30000000,30000000,1.05892,1,2.37623,0.804643],
[2,30000000,1,1,15.1608,inf,0.165921,0.165921],
[2,30000000,2,2,7.89556,24.8385,0.319684,0.242802],
[2,30000000,3,3,6.67257,15.6713,0.378391,0.287999],
[2,30000000,4,4,6.0899,12.4192,0.417307,0.320326],
[2,30000000,5,5,5.58521,10.6973,0.451102,0.346481],
[2,30000000,10,10,4.59748,7.47712,0.549451,0.380309],
[2,30000000,20,20,3.7898,5.74708,0.66742,0.421325],
[2,30000000,50,50,3.18681,4.40097,0.790505,0.467473],
[2,30000000,100,100,2.87594,3.73856,0.875756,0.512838],
[2,30000000,200,200,2.59631,3.24947,0.973163,0.55887],
[2,30000000,500,500,2.31387,2.77036,1.08869,0.607035],
[2,30000000,1000,1000,2.13659,2.49237,1.17883,0.654685],
[2,30000000,30000000,30000000,1.0709,1,2.34686,0.784852],
[3,30000000,1,1,11.7928,inf,0.213032,0.213032],
[3,30000000,2,2,8.13166,24.8385,0.308803,0.260918],
[3,30000000,3,3,7.15356,15.6713,0.352097,0.291311],
[3,30000000,4,4,6.31036,12.4192,0.398337,0.318067],
[3,30000000,5,5,5.55361,10.6973,0.453391,0.345132],
[3,30000000,10,10,4.36457,7.47712,0.579309,0.384162],
[3,30000000,20,20,3.79094,5.74708,0.665147,0.424302],
[3,30000000,50,50,3.18657,4.40097,0.790504,0.470078],
[3,30000000,100,100,2.88616,3.73856,0.880232,0.51565],
[3,30000000,200,200,2.57739,3.24947,0.977153,0.561801],
[3,30000000,500,500,2.28295,2.77036,1.10222,0.610929],
[3,30000000,1000,1000,2.11649,2.49237,1.19192,0.659345],
[3,30000000,30000000,30000000,1.06074,1,2.36671,0.790681],
[4,30000000,1,1,9.67113,inf,0.258445,0.258445],
[4,30000000,2,2,6.89747,24.8385,0.363205,0.310825],
[4,30000000,3,3,6.30351,15.6713,0.39689,0.339513],
[4,30000000,4,4,6.77679,12.4192,0.369335,0.346969],
[4,30000000,5,5,5.73941,10.6973,0.435038,0.364583],
[4,30000000,10,10,4.42962,7.47712,0.564682,0.397932],
[4,30000000,20,20,3.79657,5.74708,0.656781,0.434911],
[4,30000000,50,50,3.21782,4.40097,0.782013,0.478299],
[4,30000000,100,100,2.85379,3.73856,0.878833,0.522802],
[4,30000000,200,200,2.50746,3.24947,1.00416,0.570938],
[4,30000000,500,500,2.30043,2.77036,1.08942,0.618073],
[4,30000000,1000,1000,2.11978,2.49237,1.18316,0.665164],
[4,30000000,30000000,30000000,1.05711,1,2.37491,0.796683],
[5,30000000,1,1,10.0607,inf,0.249851,0.249851],
[5,30000000,2,2,7.44376,24.8385,0.339452,0.294651],
[5,30000000,3,3,6.43424,15.6713,0.390545,0.326616],
[5,30000000,4,4,6.05033,12.4192,0.416431,0.34907],
[5,30000000,5,5,5.30073,10.6973,0.477711,0.374798],
[5,30000000,10,10,4.64094,7.47712,0.544245,0.403039],
[5,30000000,20,20,3.7611,5.74708,0.675,0.441891],
[5,30000000,50,50,3.19716,4.40097,0.785435,0.484834],
[5,30000000,100,100,2.82893,3.73856,0.887092,0.529529],
[5,30000000,200,200,2.57617,3.24947,0.977161,0.574292],
[5,30000000,500,500,2.25586,2.77036,1.11594,0.623533],
[5,30000000,1000,1000,2.10098,2.49237,1.1982,0.671422],
[5,30000000,30000000,30000000,1.06224,1,2.37021,0.802098],
[6,30000000,1,1,9.42081,inf,0.266349,0.266349],
[6,30000000,2,2,7.77329,24.8385,0.32333,0.294839],
[6,30000000,3,3,7.33952,15.6713,0.342085,0.310588],
[6,30000000,4,4,5.73957,12.4192,0.435134,0.341725],
[6,30000000,5,5,5.61285,10.6973,0.448335,0.363047],
[6,30000000,10,10,4.55414,7.47712,0.550819,0.394342],
[6,30000000,20,20,3.77136,5.74708,0.666529,0.433226],
[6,30000000,50,50,3.14501,4.40097,0.797648,0.478779],
[6,30000000,100,100,2.86176,3.73856,0.881727,0.523551],
[6,30000000,200,200,2.56902,3.24947,0.975583,0.568754],
[6,30000000,500,500,2.29218,2.77036,1.09719,0.616793],
[6,30000000,1000,1000,2.10431,2.49237,1.18911,0.664486],
[6,30000000,30000000,30000000,1.06054,1,2.36011,0.794919],
[7,30000000,1,1,9.13004,inf,0.275051,0.275051],
[7,30000000,2,2,7.20063,24.8385,0.350395,0.312723],
[7,30000000,3,3,6.54468,15.6713,0.383906,0.336451],
[7,30000000,4,4,6.25536,12.4192,0.403074,0.353106],
[7,30000000,5,5,5.68772,10.6973,0.445021,0.371489],
[7,30000000,10,10,4.5504,7.47712,0.554021,0.401911],
[7,30000000,20,20,3.87813,5.74708,0.655687,0.438165],
[7,30000000,50,50,3.21225,4.40097,0.785291,0.481556],
[7,30000000,100,100,2.87618,3.73856,0.875596,0.525338],
[7,30000000,200,200,2.59576,3.24947,0.968761,0.56968],
[7,30000000,500,500,2.32221,2.77036,1.08608,0.616626],
[7,30000000,1000,1000,2.12192,2.49237,1.1849,0.663982],
[7,30000000,30000000,30000000,1.06336,1,2.36749,0.795021],
[8,30000000,1,1,10.8157,inf,0.232532,0.232532],
[8,30000000,2,2,7.44378,24.8385,0.338166,0.285349],
[8,30000000,3,3,5.65879,15.6713,0.44234,0.337679],
[8,30000000,4,4,5.67121,12.4192,0.441458,0.363624],
[8,30000000,5,5,5.45735,10.6973,0.460022,0.382903],
[8,30000000,10,10,4.6858,7.47712,0.534984,0.40825],
[8,30000000,20,20,3.73463,5.74708,0.676553,0.446579],
[8,30000000,50,50,3.12083,4.40097,0.8016,0.490957],
[8,30000000,100,100,2.7804,3.73856,0.901365,0.536558],
[8,30000000,200,200,2.54624,3.24947,0.985198,0.581422],
[8,30000000,500,500,2.23559,2.77036,1.12474,0.630815],
[8,30000000,1000,1000,2.08224,2.49237,1.20559,0.678713],
[8,30000000,30000000,30000000,1.04918,1,2.32383,0.80526],
[9,30000000,1,1,11.0643,inf,0.219487,0.219487],
[9,30000000,2,2,7.14994,24.8385,0.340717,0.280102],
[9,30000000,3,3,6.53018,15.6713,0.372453,0.310885],
[9,30000000,4,4,5.61412,12.4192,0.433769,0.341606],
[9,30000000,5,5,5.44619,10.6973,0.446702,0.362626],
[9,30000000,10,10,4.40404,7.47712,0.550214,0.39389],
[9,30000000,20,20,3.86631,5.74708,0.633189,0.428076],
[9,30000000,50,50,3.24131,4.40097,0.749815,0.468293],
[9,30000000,100,100,2.93366,3.73856,0.838289,0.509404],
[9,30000000,200,200,2.61665,3.24947,0.928194,0.551283],
[9,30000000,500,500,2.31858,2.77036,1.05037,0.596654],
[9,30000000,1000,1000,2.14391,2.49237,1.13541,0.64155],
[9,30000000,30000000,30000000,1.06768,1,2.27605,0.767281],
[10,30000000,1,1,9.62116,inf,0.253918,0.253918],
[10,30000000,2,2,10.0768,24.8385,0.243555,0.248736],
[10,30000000,3,3,6.53873,15.6713,0.373899,0.290457],
[10,30000000,4,4,5.90409,12.4192,0.414804,0.321544],
[10,30000000,5,5,5.56465,10.6973,0.437863,0.344808],
[10,30000000,10,10,4.47241,7.47712,0.548602,0.378774],
[10,30000000,20,20,3.89842,5.74708,0.627264,0.414272],
[10,30000000,50,50,3.28185,4.40097,0.744715,0.455578],
[10,30000000,100,100,2.91343,3.73856,0.838084,0.498078],
[10,30000000,200,200,2.65069,3.24947,0.923938,0.540664],
[10,30000000,500,500,2.35025,2.77036,1.04468,0.586484],
[10,30000000,1000,1000,2.1598,2.49237,1.13322,0.632045],
[10,30000000,30000000,30000000,1.07275,1,2.28317,0.759054],
[11,30000000,1,1,13.1196,inf,0.185902,0.185902],
[11,30000000,2,2,6.8545,24.8385,0.356398,0.27115],
[11,30000000,3,3,6.75667,15.6713,0.36151,0.30127],
[11,30000000,4,4,6.52594,12.4192,0.374878,0.319672],
[11,30000000,5,5,5.55573,10.6973,0.439425,0.343623],
[11,30000000,10,10,4.80147,7.47712,0.511092,0.371534],
[11,30000000,20,20,3.86303,5.74708,0.634268,0.409068],
[11,30000000,50,50,3.25281,4.40097,0.750437,0.451739],
[11,30000000,100,100,2.94673,3.73856,0.837716,0.494625],
[11,30000000,200,200,2.64382,3.24947,0.925401,0.537703],
[11,30000000,500,500,2.3439,2.77036,1.0431,0.583648],
[11,30000000,1000,1000,2.17762,2.49237,1.13092,0.629254],
[11,30000000,30000000,30000000,1.07632,1,2.27003,0.755468]
]
#19.32