[
[0,30,1,1,0.948718,inf,1.21875e-07,1.21875e-07],
[0,30,2,2,1,4.90689,1.03125e-07,1.125e-07],
[0,30,3,3,0.971429,3.0959,1.09375e-07,1.11458e-07],
[0,30,4,4,0.941176,2.45345,1.0625e-07,1.10156e-07],
[0,30,5,5,1.09091,2.11328,1.03125e-07,1.0875e-07],
[0,30,10,10,0.969697,1.47712,1.03125e-07,1.07812e-07],
[0,30,20,15,1.0303,1.25596,1.03125e-07,1.07143e-07],
[0,30,50,25,1.0303,1.05664,1.03125e-07,1.06641e-07],
[0,30,100,30,0.969697,1,1.03125e-07,1.0625e-07],
[0,30,200,31,0.969697,0.990451,1.03125e-07,1.05937e-07],
[0,30,500,31,1.03125,0.990451,1e-07,1.05398e-07],
[0,30,1000,31,1.0303,0.990451,1.03125e-07,1.05208e-07],
[0,30,30,21,0.969697,1.11715,1.03125e-07,1.05048e-07],
[1,30,1,1,1.03125,inf,1e-07,1e-07],
[1,30,2,2,1,4.90689,9.0625e-08,9.53125e-08],
[1,30,3,3,1.03448,3.0959,9.0625e-08,9.375e-08],
[1,30,4,4,1.03571,2.45345,8.75e-08,9.21875e-08],
[1,30,5,5,1.03704,2.11328,8.4375e-08,9.0625e-08],
[1,30,10,8,0.964286,1.63563,8.75e-08,9.01042e-08],
[1,30,20,15,1.14815,1.25596,8.4375e-08,8.92857e-08],
[1,30,50,26,1.11111,1.04392,8.4375e-08,8.86719e-08],
[1,30,100,29,1.03448,1.01007,9.0625e-08,8.88889e-08],
[1,30,200,31,1.11538,0.990451,8.125e-08,8.8125e-08],
[1,30,500,31,1.03571,0.990451,8.75e-08,8.80682e-08],
[1,30,1000,31,0.964286,0.990451,8.75e-08,8.80208e-08],
[1,30,30,17,0.892857,1.20047,8.75e-08,8.79808e-08],
[2,30,1,1,0.916667,inf,1.125e-07,1.125e-07],
[2,30,2,2,0.941176,4.90689,1.0625e-07,1.09375e-07],
[2,30,3,3,0.941176,3.0959,1.0625e-07,1.08333e-07],
[2,30,4,4,1.0303,2.45345,1.03125e-07,1.07031e-07],
[2,30,5,5,1,2.11328,1e-07,1.05625e-07],
[2,30,10,9,1,1.54795,1e-07,1.04688e-07],
[2,30,20,17,1,1.20047,1.0625e-07,1.04911e-07],
[2,30,50,25,0.969697,1.05664,1.03125e-07,1.04688e-07],
[2,30,100,30,0.969697,1,1.03125e-07,1.04514e-07],
[2,30,200,31,1.27273,0.990451,1.03125e-07,1.04375e-07],
[2,30,500,31,0.969697,0.990451,1.03125e-07,1.04261e-07],
[2,30,1000,31,1.09677,0.990451,9.6875e-08,1.03646e-07],
[2,30,30,19,1.0303,1.15513,1.03125e-07,1.03606e-07],
[3,30,1,1,1.03125,inf,1e-07,1e-07],
[3,30,2,2,0.966667,4.90689,9.375e-08,9.6875e-08],
[3,30,3,3,1.06667,3.0959,9.375e-08,9.58333e-08],
[3,30,4,4,1.06897,2.45345,9.0625e-08,9.45312e-08],
[3,30,5,5,1.03226,2.11328,9.6875e-08,9.5e-08],
[3,30,10,9,0.9375,1.54795,1e-07,9.58333e-08],
[3,30,20,16,1.10345,1.22672,9.0625e-08,9.50893e-08],
[3,30,50,22,0.966667,1.10034,9.375e-08,9.49219e-08],
[3,30,100,30,1.03226,1,9.6875e-08,9.51389e-08],
[3,30,200,30,0.967742,1,9.6875e-08,9.53125e-08],
[3,30,500,31,0.969697,0.990451,1.03125e-07,9.60227e-08],
[3,30,1000,31,0.911765,0.990451,1.0625e-07,9.6875e-08],
[3,30,30,21,0.9375,1.11715,1e-07,9.71154e-08],
[4,30,1,1,0.871795,inf,1.21875e-07,1.21875e-07],
[4,30,2,2,0.96875,4.90689,1e-07,1.10937e-07],
[4,30,3,3,0.914286,3.0959,1.09375e-07,1.10417e-07],
[4,30,4,4,0.970588,2.45345,1.0625e-07,1.09375e-07],
[4,30,5,5,1.06061,2.11328,1.03125e-07,1.08125e-07],
[4,30,10,9,1.0303,1.54795,1.03125e-07,1.07292e-07],
[4,30,20,16,1,1.22672,1e-07,1.0625e-07],
[4,30,50,25,0.888889,1.05664,1.125e-07,1.07031e-07],
[4,30,100,31,1,0.990451,1.03125e-07,1.06597e-07],
[4,30,200,31,1.0625,0.990451,1e-07,1.05938e-07],
[4,30,500,31,0.885714,0.990451,1.09375e-07,1.0625e-07],
[4,30,1000,31,0.942857,0.990451,1.09375e-07,1.0651e-07],
[4,30,30,20,0.914286,1.13535,1.09375e-07,1.06731e-07],
[5,30,1,1,0.945946,inf,1.15625e-07,1.15625e-07],
[5,30,2,2,1.06061,4.90689,1.03125e-07,1.09375e-07],
[5,30,3,3,1,3.0959,1.34375e-07,1.17708e-07],
[5,30,4,3,1.02174,3.0959,1.4375e-07,1.24219e-07],
[5,30,5,5,0.96,2.11328,1.5625e-07,1.30625e-07],
[5,30,10,8,1,1.63563,1e-07,1.25521e-07],
[5,30,20,16,1.03125,1.22672,1e-07,1.21875e-07],
[5,30,50,20,1,1.13535,1.03125e-07,1.19531e-07],
[5,30,100,30,0.96875,1,1e-07,1.17361e-07],
[5,30,200,31,1,0.990451,1e-07,1.15625e-07],
[5,30,500,31,0.970588,0.990451,1.0625e-07,1.14773e-07],
[5,30,1000,31,0.969697,0.990451,1.03125e-07,1.13802e-07],
[5,30,30,20,1.06061,1.13535,1.03125e-07,1.12981e-07],
[6,30,1,1,1,inf,1.09375e-07,1.09375e-07],
[6,30,2,2,1.06667,4.90689,9.375e-08,1.01563e-07],
[6,30,3,3,1.03333,3.0959,9.375e-08,9.89583e-08],
[6,30,4,4,1.03226,2.45345,9.6875e-08,9.84375e-08],
[6,30,5,5,1,2.11328,9.6875e-08,9.8125e-08],
[6,30,10,8,1.03125,1.63563,1e-07,9.84375e-08],
[6,30,20,15,1,1.25596,1e-07,9.86607e-08],
[6,30,50,24,1.1875,1.07021,1e-07,9.88281e-08],
[6,30,100,30,0.969697,1,1.03125e-07,9.93056e-08],
[6,30,200,31,0.969697,0.990451,1.03125e-07,9.96875e-08],
[6,30,500,31,0.969697,0.990451,1.03125e-07,1e-07],
[6,30,1000,31,0.96875,0.990451,1e-07,1e-07],
[6,30,30,20,1,1.13535,1.03125e-07,1.0024e-07],
[7,30,1,1,1.02941,inf,1.0625e-07,1.0625e-07],
[7,30,2,2,1,4.90689,1e-07,1.03125e-07],
[7,30,3,3,1,3.0959,1e-07,1.02083e-07],
[7,30,4,4,1.0625,2.45345,1e-07,1.01563e-07],
[7,30,5,5,1.0625,2.11328,1e-07,1.0125e-07],
[7,30,10,8,0.941176,1.63563,1.0625e-07,1.02083e-07],
[7,30,20,14,1,1.28879,1.03125e-07,1.02232e-07],
[7,30,50,26,1,1.04392,1.0625e-07,1.02734e-07],
[7,30,100,30,1,1,1e-07,1.02431e-07],
[7,30,200,31,1.03125,0.990451,1e-07,1.02188e-07],
[7,30,500,31,1.0625,0.990451,1e-07,1.01989e-07],
[7,30,1000,31,1,0.990451,1.0625e-07,1.02344e-07],
[7,30,30,18,1.03125,1.17673,1e-07,1.02163e-07],
[8,30,1,1,0.972222,inf,1.125e-07,1.125e-07],
[8,30,2,2,1.0303,4.90689,1.03125e-07,1.07813e-07],
[8,30,3,3,0.969697,3.0959,1.03125e-07,1.0625e-07],
[8,30,4,4,0.942857,2.45345,1.09375e-07,1.07031e-07],
[8,30,5,5,1,2.11328,1.03125e-07,1.0625e-07],
[8,30,10,7,0.911765,1.74787,1.0625e-07,1.0625e-07],
[8,30,20,12,0.941176,1.36874,1.0625e-07,1.0625e-07],
[8,30,50,28,1.03125,1.0207,1e-07,1.05469e-07],
[8,30,100,31,0.969697,0.990451,1.03125e-07,1.05208e-07],
[8,30,200,31,1.0625,0.990451,1e-07,1.04688e-07],
[8,30,500,31,0.942857,0.990451,1.09375e-07,1.05114e-07],
[8,30,1000,31,1.03125,0.990451,1e-07,1.04688e-07],
[8,30,30,21,1.0625,1.11715,1e-07,1.04327e-07],
[9,30,1,1,0.96875,inf,1e-07,1e-07],
[9,30,2,2,1,4.90689,8.75e-08,9.375e-08],
[9,30,3,3,1.14815,3.0959,8.4375e-08,9.0625e-08],
[9,30,4,4,0.962963,2.45345,8.4375e-08,8.90625e-08],
[9,30,5,5,0.965517,2.11328,9.0625e-08,8.9375e-08],
[9,30,10,10,1.11538,1.47712,8.125e-08,8.80208e-08],
[9,30,20,15,1,1.25596,8.75e-08,8.79464e-08],
[9,30,50,28,0.933333,1.0207,9.375e-08,8.86719e-08],
[9,30,100,30,1.07407,1,8.4375e-08,8.81944e-08],
[9,30,200,31,0.896552,0.990451,9.0625e-08,8.84375e-08],
[9,30,500,31,0.965517,0.990451,9.0625e-08,8.86364e-08],
[9,30,1000,31,0.866667,0.990451,9.375e-08,8.90625e-08],
[9,30,30,21,0.9,1.11715,9.375e-08,8.94231e-08],
[10,30,1,1,1.09091,inf,1.03125e-07,1.03125e-07],
[10,30,2,2,1.0625,4.90689,1e-07,1.01563e-07],
[10,30,3,3,1,3.0959,1e-07,1.01042e-07],
[10,30,4,4,1.03226,2.45345,9.6875e-08,1e-07],
[10,30,5,4,1,2.45345,1e-07,1e-07],
[10,30,10,9,1.0625,1.54795,1e-07,1e-07],
[10,30,20,17,0.967742,1.20047,9.6875e-08,9.95536e-08],
[10,30,50,24,0.96875,1.07021,1e-07,9.96094e-08],
[10,30,100,29,0.885714,1.01007,1.09375e-07,1.00694e-07],
[10,30,200,31,1,0.990451,1e-07,1.00625e-07],
[10,30,500,31,0.909091,0.990451,1.03125e-07,1.00852e-07],
[10,30,1000,31,0.969697,0.990451,1.03125e-07,1.01042e-07],
[10,30,30,22,0.969697,1.10034,1.03125e-07,1.01202e-07],
[11,30,1,1,1.29032,inf,9.6875e-08,9.6875e-08],
[11,30,2,2,1.13333,4.90689,9.375e-08,9.53125e-08],
[11,30,3,3,0.875,3.0959,1e-07,9.6875e-08],
[11,30,4,4,0.870968,2.45345,9.6875e-08,9.6875e-08],
[11,30,5,4,0.96875,2.45345,1e-07,9.75e-08],
[11,30,10,8,1.03448,1.63563,9.0625e-08,9.63542e-08],
[11,30,20,17,1,1.20047,9.6875e-08,9.64286e-08],
[11,30,50,27,0.933333,1.03197,9.375e-08,9.60938e-08],
[11,30,100,31,0.967742,0.990451,9.6875e-08,9.61806e-08],
[11,30,200,31,0.939394,0.990451,1.03125e-07,9.6875e-08],
[11,30,500,31,1.03333,0.990451,9.375e-08,9.65909e-08],
[11,30,1000,31,1,0.990451,1e-07,9.6875e-08],
[11,30,30,17,0.90625,1.20047,1e-07,9.71154e-08],
[0,300,1,1,3.59701,inf,6.28125e-07,6.28125e-07],
[0,300,2,2,2.11074,8.22882,9.3125e-07,7.79688e-07],
[0,300,3,3,1.36461,5.19181,1.46563e-06,1.00833e-06],
[0,300,4,4,0.889037,4.11441,2.3375e-06,1.34062e-06],
[0,300,5,5,0.838158,3.54396,2.375e-06,1.5475e-06],
[0,300,10,10,0.723451,2.47712,2.825e-06,1.76042e-06],
[0,300,20,19,0.70838,1.93714,2.79688e-06,1.90848e-06],
[0,300,50,46,0.670213,1.48977,2.9375e-06,2.03711e-06],
[0,300,100,83,0.693814,1.29079,3.03125e-06,2.14757e-06],
[0,300,200,149,0.755034,1.13986,3.725e-06,2.30531e-06],
[0,300,500,247,0.736374,1.03528,2.80938e-06,2.35114e-06],
[0,300,1000,292,0.728522,1.00476,2.72813e-06,2.38255e-06],
[0,300,300,191,0.704289,1.08596,2.76875e-06,2.41226e-06],
[1,300,1,1,3.13393,inf,7e-07,7e-07],
[1,300,2,2,1.67895,8.22882,1.1875e-06,9.4375e-07],
[1,300,3,3,1.4873,5.19181,1.35313e-06,1.08021e-06],
[1,300,4,4,1.27105,4.11441,1.52188e-06,1.19063e-06],
[1,300,5,5,0.951111,3.54396,2.10938e-06,1.37438e-06],
[1,300,10,10,0.791304,2.47712,2.51563e-06,1.56458e-06],
[1,300,20,19,0.699782,1.93714,2.8625e-06,1.75e-06],
[1,300,50,49,0.697326,1.46558,2.92188e-06,1.89648e-06],
[1,300,100,91,0.718954,1.26446,2.86875e-06,2.00451e-06],
[1,300,200,145,0.757009,1.14609,2.675e-06,2.07156e-06],
[1,300,500,246,0.659531,1.03605,3.06563e-06,2.16193e-06],
[1,300,1000,293,0.720904,1.00416,2.76563e-06,2.21224e-06],
[1,300,300,195,0.69795,1.0817,2.89688e-06,2.2649e-06],
[2,300,1,1,2.34448,inf,9.34375e-07,9.34375e-07],
[2,300,2,2,1.52567,8.22882,1.27813e-06,1.10625e-06],
[2,300,3,3,1.30867,5.19181,1.47813e-06,1.23021e-06],
[2,300,4,4,1.21569,4.11441,1.59375e-06,1.32109e-06],
[2,300,5,5,1.00158,3.54396,1.97188e-06,1.45125e-06],
[2,300,10,10,0.743383,2.47712,2.71563e-06,1.66198e-06],
[2,300,20,20,0.65567,1.90397,3.03125e-06,1.85759e-06],
[2,300,50,46,0.70407,1.48977,2.84063e-06,1.98047e-06],
[2,300,100,88,0.684713,1.27392,2.94375e-06,2.0875e-06],
[2,300,200,145,0.666667,1.14609,3.00938e-06,2.17969e-06],
[2,300,500,242,0.669753,1.03914,3.0375e-06,2.25767e-06],
[2,300,1000,293,0.649,1.00416,3.125e-06,2.32995e-06],
[2,300,300,197,0.687163,1.07961,2.89688e-06,2.37356e-06],
[3,300,1,1,2.96311,inf,7.625e-07,7.625e-07],
[3,300,2,2,1.83333,8.22882,1.0875e-06,9.25e-07],
[3,300,3,3,1.23689,5.19181,1.60938e-06,1.15313e-06],
[3,300,4,4,1.04874,4.11441,1.85938e-06,1.32969e-06],
[3,300,5,5,0.810013,3.54396,2.43438e-06,1.55063e-06],
[3,300,10,10,0.892241,2.47712,2.175e-06,1.65469e-06],
[3,300,20,20,0.681818,1.90397,2.8875e-06,1.8308e-06],
[3,300,50,47,0.714932,1.48145,2.7625e-06,1.94727e-06],
[3,300,100,91,0.734426,1.26446,2.85938e-06,2.04861e-06],
[3,300,200,140,0.685996,1.15423,2.85625e-06,2.12937e-06],
[3,300,500,242,0.689873,1.03914,2.9625e-06,2.20511e-06],
[3,300,1000,291,0.689692,1.00537,2.94063e-06,2.26641e-06],
[3,300,300,198,0.696026,1.07857,2.90937e-06,2.31587e-06],
[4,300,1,1,2.55474,inf,8.5625e-07,8.5625e-07],
[4,300,2,2,1.55131,8.22882,1.30938e-06,1.08281e-06],
[4,300,3,3,1.70959,5.19181,1.14062e-06,1.10208e-06],
[4,300,4,4,1.06926,4.11441,1.85e-06,1.28906e-06],
[4,300,5,5,0.894068,3.54396,2.2125e-06,1.47375e-06],
[4,300,10,10,0.876033,2.47712,2.26875e-06,1.60625e-06],
[4,300,20,18,0.720272,1.97337,2.75938e-06,1.77098e-06],
[4,300,50,44,0.712036,1.50727,2.77813e-06,1.89688e-06],
[4,300,100,82,0.748023,1.29434,2.76563e-06,1.9934e-06],
[4,300,200,143,0.703583,1.1493,2.87813e-06,2.08188e-06],
[4,300,500,233,0.647716,1.04637,3.07813e-06,2.17244e-06],
[4,300,1000,292,0.693333,1.00476,3.04688e-06,2.24531e-06],
[4,300,300,184,0.685924,1.09374,2.975e-06,2.30144e-06],
[5,300,1,1,3.39024,inf,6.40625e-07,6.40625e-07],
[5,300,2,2,1.42417,8.22882,1.31875e-06,9.79688e-07],
[5,300,3,3,1.53747,5.19181,1.20938e-06,1.05625e-06],
[5,300,4,4,1.15267,4.11441,1.6375e-06,1.20156e-06],
[5,300,5,5,1.20606,3.54396,1.54688e-06,1.27063e-06],
[5,300,10,10,0.806409,2.47712,2.34063e-06,1.44896e-06],
[5,300,20,20,0.619243,1.90397,3.05313e-06,1.67813e-06],
[5,300,50,47,0.689143,1.48145,2.73437e-06,1.81016e-06],
[5,300,100,84,0.650993,1.2873,2.99063e-06,1.94132e-06],
[5,300,200,144,0.647303,1.14769,3.0125e-06,2.04844e-06],
[5,300,500,237,0.684152,1.04311,2.8e-06,2.11676e-06],
[5,300,1000,296,0.669519,1.00236,2.92188e-06,2.18385e-06],
[5,300,300,183,0.696731,1.09488,2.77188e-06,2.22909e-06],
[6,300,1,1,2.87654,inf,7.59375e-07,7.59375e-07],
[6,300,2,2,1.704,8.22882,1.17188e-06,9.65625e-07],
[6,300,3,3,1.55528,5.19181,1.27187e-06,1.06771e-06],
[6,300,4,4,1.34904,4.11441,1.45938e-06,1.16563e-06],
[6,300,5,5,1.09777,3.54396,1.82188e-06,1.29688e-06],
[6,300,10,10,0.842593,2.47712,2.3625e-06,1.47448e-06],
[6,300,20,19,0.685441,1.93714,2.94063e-06,1.68393e-06],
[6,300,50,44,0.675105,1.50727,2.9625e-06,1.84375e-06],
[6,300,100,85,0.673176,1.28387,3.04063e-06,1.97674e-06],
[6,300,200,150,0.746234,1.13834,2.69688e-06,2.04875e-06],
[6,300,500,248,0.667708,1.03453,3e-06,2.13523e-06],
[6,300,1000,285,0.694093,1.00907,2.9625e-06,2.20417e-06],
[6,300,300,195,0.725714,1.0817,2.73437e-06,2.24495e-06],
[7,300,1,1,3.79235,inf,5.71875e-07,5.71875e-07],
[7,300,2,2,1.28632,8.22882,1.48438e-06,1.02813e-06],
[7,300,3,3,1.35333,5.19181,1.40625e-06,1.15417e-06],
[7,300,4,4,0.991935,4.11441,1.9375e-06,1.35e-06],
[7,300,5,5,0.859116,3.54396,2.2625e-06,1.5325e-06],
[7,300,10,10,0.901163,2.47712,2.15e-06,1.63542e-06],
[7,300,20,19,0.657388,1.93714,2.91875e-06,1.81875e-06],
[7,300,50,43,0.701934,1.51648,2.74688e-06,1.93477e-06],
[7,300,100,83,0.7,1.29079,2.8125e-06,2.03229e-06],
[7,300,200,145,0.695796,1.14609,2.825e-06,2.11156e-06],
[7,300,500,252,0.699223,1.03153,2.81563e-06,2.17557e-06],
[7,300,1000,292,0.657143,1.00476,2.95313e-06,2.24036e-06],
[7,300,300,194,0.708428,1.08275,2.74375e-06,2.27909e-06],
[8,300,1,1,3.01304,inf,7.1875e-07,7.1875e-07],
[8,300,2,2,1.6511,8.22882,1.1375e-06,9.28125e-07],
[8,300,3,3,1.36062,5.19181,1.4125e-06,1.08958e-06],
[8,300,4,4,0.900862,4.11441,2.175e-06,1.36094e-06],
[8,300,5,5,1.02833,3.54396,1.875e-06,1.46375e-06],
[8,300,10,10,0.83378,2.47712,2.33125e-06,1.60833e-06],
[8,300,20,20,0.71347,1.90397,2.7375e-06,1.76964e-06],
[8,300,50,47,0.616505,1.48145,3.21875e-06,1.95078e-06],
[8,300,100,84,0.71729,1.2873,2.675e-06,2.03125e-06],
[8,300,200,146,0.718605,1.14451,2.6875e-06,2.09688e-06],
[8,300,500,244,0.68932,1.03759,2.89688e-06,2.1696e-06],
[8,300,1000,289,0.669862,1.00659,2.93438e-06,2.23333e-06],
[8,300,300,193,0.732378,1.08381,2.61563e-06,2.26274e-06],
[9,300,1,1,2.33642,inf,1.0125e-06,1.0125e-06],
[9,300,2,2,1.43683,8.22882,1.45938e-06,1.23594e-06],
[9,300,3,3,1.0088,5.19181,2.13125e-06,1.53438e-06],
[9,300,4,4,1.18459,4.11441,1.74375e-06,1.58672e-06],
[9,300,5,5,0.851852,3.54396,2.44688e-06,1.75875e-06],
[9,300,10,10,0.704832,2.47712,2.975e-06,1.96146e-06],
[9,300,20,18,0.663984,1.97337,3.10625e-06,2.125e-06],
[9,300,50,48,0.677515,1.47339,3.16875e-06,2.25547e-06],
[9,300,100,87,0.726115,1.27718,2.94375e-06,2.33194e-06],
[9,300,200,151,0.667327,1.13683,3.15625e-06,2.41438e-06],
[9,300,500,237,0.643527,1.04311,3.33125e-06,2.49773e-06],
[9,300,1000,294,0.693694,1.00355,3.12188e-06,2.54974e-06],
[9,300,300,187,0.702869,1.09036,3.05e-06,2.58822e-06],
[10,300,1,1,2.60563,inf,8.875e-07,8.875e-07],
[10,300,2,2,1.70619,8.22882,1.2125e-06,1.05e-06],
[10,300,3,3,1.21168,5.19181,1.7125e-06,1.27083e-06],
[10,300,4,4,1.17522,4.11441,1.76563e-06,1.39453e-06],
[10,300,5,5,1.00305,3.54396,2.04688e-06,1.525e-06],
[10,300,10,10,0.714898,2.47712,2.91563e-06,1.75677e-06],
[10,300,20,20,0.705696,1.90397,2.9625e-06,1.92902e-06],
[10,300,50,43,0.678463,1.51648,3.09063e-06,2.07422e-06],
[10,300,100,89,0.693899,1.27072,3.02188e-06,2.17951e-06],
[10,300,200,150,0.685089,1.13834,2.99688e-06,2.26125e-06],
[10,300,500,250,0.612389,1.03302,3.53125e-06,2.3767e-06],
[10,300,1000,294,0.657561,1.00355,3.20313e-06,2.44557e-06],
[10,300,300,187,0.66535,1.09036,3.16563e-06,2.50096e-06],
[11,300,1,1,3.00877,inf,7.125e-07,7.125e-07],
[11,300,2,2,1.55438,8.22882,1.17813e-06,9.45313e-07],
[11,300,3,3,1.25261,5.19181,1.49688e-06,1.12917e-06],
[11,300,4,4,1.1992,4.11441,1.55313e-06,1.23516e-06],
[11,300,5,5,1.01182,3.54396,1.85e-06,1.35813e-06],
[11,300,10,10,0.692932,2.47712,2.69688e-06,1.58125e-06],
[11,300,20,20,0.664876,1.90397,2.90937e-06,1.77098e-06],
[11,300,50,47,0.736655,1.48145,2.63438e-06,1.87891e-06],
[11,300,100,83,0.668467,1.29079,2.89375e-06,1.99167e-06],
[11,300,200,137,0.704046,1.15931,2.70313e-06,2.06281e-06],
[11,300,500,235,0.63886,1.04473,2.95938e-06,2.14432e-06],
[11,300,1000,288,0.735196,1.00721,2.79688e-06,2.1987e-06],
[11,300,300,185,0.686384,1.0926,2.8e-06,2.24495e-06],
[0,3000,1,1,4.89902,inf,1.98063e-05,1.98063e-05],
[0,3000,2,2,4.23415,11.5507,2.13e-05,2.05531e-05],
[0,3000,3,3,3.59663,7.28771,2.56125e-05,2.22396e-05],
[0,3000,4,4,2.27175,5.77537,4.14438e-05,2.70406e-05],
[0,3000,5,5,2.28713,4.97464,4.09e-05,2.98125e-05],
[0,3000,10,10,1.7625,3.47712,5.17375e-05,3.34667e-05],
[0,3000,20,20,1.46882,2.67259,6.57375e-05,3.80768e-05],
[0,3000,50,49,1.12028,2.05723,8.90625e-05,4.445e-05],
[0,3000,100,100,0.919681,1.73856,0.000108163,5.15292e-05],
[0,3000,200,196,0.846561,1.5169,0.000119306,5.83069e-05],
[0,3000,500,466,0.858748,1.30308,0.0001146,6.34244e-05],
[0,3000,1000,848,0.858007,1.18738,0.000116775,6.78703e-05],
[0,3000,3000,1880,0.843608,1.06199,0.000114456,7.14538e-05],
[1,3000,1,1,5.32791,inf,1.61437e-05,1.61437e-05],
[1,3000,2,2,3.21698,11.5507,2.63563e-05,2.125e-05],
[1,3000,3,3,2.89337,7.28771,2.9775e-05,2.40917e-05],
[1,3000,4,4,2.6446,5.77537,3.24813e-05,2.61891e-05],
[1,3000,5,5,2.14388,4.97464,3.84e-05,2.86313e-05],
[1,3000,10,10,1.74002,3.47712,5.2e-05,3.2526e-05],
[1,3000,20,20,1.3518,2.67259,6.83625e-05,3.76455e-05],
[1,3000,50,49,1.00814,2.05723,9.44938e-05,4.47516e-05],
[1,3000,100,96,0.888094,1.75411,0.000109244,5.19174e-05],
[1,3000,200,193,0.795696,1.52135,0.000122856,5.90112e-05],
[1,3000,500,458,0.862329,1.30676,0.000121031,6.46494e-05],
[1,3000,1000,853,0.809818,1.18635,0.000118275,6.91182e-05],
[1,3000,3000,1886,0.847591,1.06154,0.000115725,7.27034e-05],
[2,3000,1,1,5.87511,inf,1.45125e-05,1.45125e-05],
[2,3000,2,2,3.23711,11.5507,2.67813e-05,2.06469e-05],
[2,3000,3,3,3.83245,7.28771,2.1225e-05,2.08396e-05],
[2,3000,4,4,2.60843,5.77537,3.32313e-05,2.39375e-05],
[2,3000,5,5,2.36736,4.97464,3.85688e-05,2.68638e-05],
[2,3000,10,10,1.63403,3.47712,5.4325e-05,3.14406e-05],
[2,3000,20,20,1.37828,2.67259,6.50312e-05,3.62393e-05],
[2,3000,50,50,1.04668,2.04661,8.86375e-05,4.27891e-05],
[2,3000,100,99,0.91186,1.74236,0.000107925,5.00264e-05],
[2,3000,200,198,0.812025,1.51399,0.000119963,5.702e-05],
[2,3000,500,465,0.801808,1.30354,0.000118919,6.26472e-05],
[2,3000,1000,849,0.84167,1.18717,0.000114081,6.69333e-05],
[2,3000,3000,1903,0.858303,1.06028,0.000113931,7.05486e-05],
[3,3000,1,1,6.73416,inf,1.25313e-05,1.25313e-05],
[3,3000,2,2,2.93892,11.5507,2.90625e-05,2.07969e-05],
[3,3000,3,3,2.42802,7.28771,3.41688e-05,2.52542e-05],
[3,3000,4,4,2.54669,5.77537,3.35313e-05,2.73234e-05],
[3,3000,5,5,2.12156,4.97464,4.0925e-05,3.00438e-05],
[3,3000,10,10,1.68997,3.47712,5.27375e-05,3.3826e-05],
[3,3000,20,20,1.27441,2.67259,7.34062e-05,3.94804e-05],
[3,3000,50,50,1.02943,2.04661,8.96188e-05,4.57477e-05],
[3,3000,100,97,0.849538,1.75014,0.000114356,5.33708e-05],
[3,3000,200,191,0.814077,1.52436,0.000128313,6.0865e-05],
[3,3000,500,459,0.817461,1.3063,0.000118194,6.60767e-05],
[3,3000,1000,859,0.836498,1.18512,0.000116206,7.02542e-05],
[3,3000,3000,1890,0.849507,1.06124,0.000115413,7.37279e-05],
[4,3000,1,1,4.85552,inf,1.97688e-05,1.97688e-05],
[4,3000,2,2,3.52367,11.5507,2.41563e-05,2.19625e-05],
[4,3000,3,3,2.97255,7.28771,2.84563e-05,2.41271e-05],
[4,3000,4,4,3.06572,5.77537,2.6725e-05,2.47766e-05],
[4,3000,5,5,2.60972,4.97464,3.38063e-05,2.65825e-05],
[4,3000,10,10,1.71711,3.47712,5.2075e-05,3.08313e-05],
[4,3000,20,19,1.39872,2.71915,6.455e-05,3.56482e-05],
[4,3000,50,49,1.10486,2.05723,8.41563e-05,4.17117e-05],
[4,3000,100,100,0.850656,1.73856,0.000114794,4.98319e-05],
[4,3000,200,196,0.839297,1.5169,0.000113875,5.62363e-05],
[4,3000,500,466,0.839319,1.30308,0.000111556,6.12653e-05],
[4,3000,1000,847,0.854875,1.18759,0.000111025,6.5412e-05],
[4,3000,3000,1881,0.841099,1.06191,0.000113475,6.91091e-05],
[5,3000,1,1,5.35391,inf,1.67062e-05,1.67062e-05],
[5,3000,2,2,3.74223,11.5507,2.2525e-05,1.96156e-05],
[5,3000,3,3,3.52114,7.28771,2.42375e-05,2.11563e-05],
[5,3000,4,4,2.56997,5.77537,3.30938e-05,2.41406e-05],
[5,3000,5,5,2.60343,4.97464,3.42313e-05,2.61588e-05],
[5,3000,10,10,1.74729,3.47712,5.24813e-05,3.05458e-05],
[5,3000,20,20,1.46611,2.67259,6.46438e-05,3.5417e-05],
[5,3000,50,49,1.04751,2.05723,9.31438e-05,4.26328e-05],
[5,3000,100,98,0.871747,1.74622,0.000107356,4.98243e-05],
[5,3000,200,195,0.821797,1.51837,0.000115669,5.64087e-05],
[5,3000,500,449,0.824933,1.31101,0.000117063,6.19227e-05],
[5,3000,1000,838,0.823751,1.18947,0.000117731,6.65734e-05],
[5,3000,3000,1913,0.845564,1.05954,0.000119913,7.06764e-05],
[6,3000,1,1,4.74467,inf,1.84813e-05,1.84813e-05],
[6,3000,2,2,3.15905,11.5507,2.7075e-05,2.27781e-05],
[6,3000,3,3,2.66874,7.28771,3.10938e-05,2.555e-05],
[6,3000,4,4,2.45557,5.77537,3.66437e-05,2.83234e-05],
[6,3000,5,5,2.19445,4.97464,3.80875e-05,3.02763e-05],
[6,3000,10,10,1.68636,3.47712,5.14125e-05,3.3799e-05],
[6,3000,20,20,1.38254,2.67259,6.90938e-05,3.88411e-05],
[6,3000,50,49,1.08923,2.05723,8.63625e-05,4.47813e-05],
[6,3000,100,100,0.881566,1.73856,0.000107444,5.17438e-05],
[6,3000,200,191,0.823624,1.52436,0.000120056,5.8575e-05],
[6,3000,500,460,0.850921,1.30583,0.0001181,6.39864e-05],
[6,3000,1000,829,0.796222,1.19138,0.000121763,6.8801e-05],
[6,3000,3000,1878,0.859879,1.06214,0.000120744,7.27966e-05],
[7,3000,1,1,7.01177,inf,1.22125e-05,1.22125e-05],
[7,3000,2,2,3.28447,11.5507,2.665e-05,1.94313e-05],
[7,3000,3,3,3.1707,7.28771,2.6875e-05,2.19125e-05],
[7,3000,4,4,2.48475,5.77537,3.48375e-05,2.51438e-05],
[7,3000,5,5,2.29098,4.97464,3.89625e-05,2.79075e-05],
[7,3000,10,10,1.59614,3.47712,5.53875e-05,3.24875e-05],
[7,3000,20,20,1.31372,2.67259,7.08438e-05,3.7967e-05],
[7,3000,50,50,1.09862,2.04661,8.72688e-05,4.41297e-05],
[7,3000,100,97,0.908457,1.75014,0.000104869,5.08785e-05],
[7,3000,200,191,0.849836,1.52436,0.0001145,5.72406e-05],
[7,3000,500,465,0.836801,1.30354,0.000115044,6.24955e-05],
[7,3000,1000,855,0.826055,1.18594,0.000118788,6.71865e-05],
[7,3000,3000,1888,0.839579,1.06139,0.000116919,7.1012e-05],
[8,3000,1,1,5.61639,inf,1.4875e-05,1.4875e-05],
[8,3000,2,2,3.20517,11.5507,2.61063e-05,2.04906e-05],
[8,3000,3,3,2.83189,7.28771,2.95938e-05,2.3525e-05],
[8,3000,4,4,3.65874,5.77537,2.4175e-05,2.36875e-05],
[8,3000,5,5,2.19346,4.97464,3.97688e-05,2.69038e-05],
[8,3000,10,10,1.5602,3.47712,5.43e-05,3.14698e-05],
[8,3000,20,20,1.41587,2.67259,6.84563e-05,3.67536e-05],
[8,3000,50,50,1.0915,2.04661,8.81125e-05,4.31734e-05],
[8,3000,100,98,0.907348,1.74622,0.000109213,5.05111e-05],
[8,3000,200,193,0.834541,1.52135,0.000126806,5.81406e-05],
[8,3000,500,457,0.795025,1.30723,0.00012965,6.46415e-05],
[8,3000,1000,842,0.841929,1.18863,0.000130875,7.01609e-05],
[8,3000,3000,1890,0.841935,1.06124,0.000129694,7.47404e-05],
[9,3000,1,1,7.66396,inf,1.23313e-05,1.23313e-05],
[9,3000,2,2,3.31416,11.5507,2.7375e-05,1.98531e-05],
[9,3000,3,3,2.8866,7.28771,3.1525e-05,2.37438e-05],
[9,3000,4,4,2.60018,5.77537,3.4875e-05,2.65266e-05],
[9,3000,5,5,2.17003,4.97464,4.12063e-05,2.94625e-05],
[9,3000,10,10,1.72468,3.47712,5.58438e-05,3.38594e-05],
[9,3000,20,20,1.38903,2.67259,7.27125e-05,3.94098e-05],
[9,3000,50,50,1.04036,2.04661,9.49375e-05,4.63508e-05],
[9,3000,100,98,0.882271,1.74622,0.000111963,5.3641e-05],
[9,3000,200,196,0.86304,1.5169,0.000120063,6.02831e-05],
[9,3000,500,465,0.820779,1.30354,0.0001238,6.60574e-05],
[9,3000,1000,858,0.834621,1.18532,0.000123769,7.08667e-05],
[9,3000,3000,1891,0.852197,1.06117,0.000124744,7.50111e-05],
[10,3000,1,1,5.41718,inf,1.72438e-05,1.72438e-05],
[10,3000,2,2,3.05904,11.5507,2.8475e-05,2.28594e-05],
[10,3000,3,3,3.33191,7.28771,2.64375e-05,2.40521e-05],
[10,3000,4,4,2.51207,5.77537,3.72875e-05,2.73609e-05],
[10,3000,5,5,2.38488,4.97464,3.96875e-05,2.98263e-05],
[10,3000,10,10,1.5873,3.47712,5.835e-05,3.45802e-05],
[10,3000,20,20,1.36909,2.67259,6.83938e-05,3.94107e-05],
[10,3000,50,50,1.06184,2.04661,9.23812e-05,4.6032e-05],
[10,3000,100,97,0.851166,1.75014,0.000114725,5.36646e-05],
[10,3000,200,192,0.83191,1.52285,0.000125156,6.08138e-05],
[10,3000,500,458,0.80909,1.30676,0.0001228,6.64489e-05],
[10,3000,1000,840,0.829175,1.18905,0.000125494,7.13693e-05],
[10,3000,3000,1885,0.829048,1.06162,0.000123975,7.54159e-05],
[11,3000,1,1,6.41849,inf,1.45313e-05,1.45313e-05],
[11,3000,2,2,3.6164,11.5507,2.545e-05,1.99906e-05],
[11,3000,3,3,2.3463,7.28771,4.04813e-05,2.68208e-05],
[11,3000,4,4,2.50717,5.77537,3.83375e-05,2.97e-05],
[11,3000,5,5,2.37998,4.97464,3.9525e-05,3.1665e-05],
[11,3000,10,10,1.59042,3.47712,5.87188e-05,3.6174e-05],
[11,3000,20,20,1.36457,2.67259,7.22938e-05,4.13339e-05],
[11,3000,50,50,1.10264,2.04661,8.84188e-05,4.72195e-05],
[11,3000,100,100,0.868622,1.73856,0.000123594,5.57056e-05],
[11,3000,200,198,0.836255,1.51399,0.000125844,6.27194e-05],
[11,3000,500,468,0.856946,1.30217,0.000118094,6.77534e-05],
[11,3000,1000,866,0.844266,1.18369,0.00011815,7.19531e-05],
[11,3000,3000,1916,0.843443,1.05932,0.000123438,7.59135e-05],
[0,30000,1,1,5.77922,inf,0.000253875,0.000253875],
[0,30000,2,2,4.05465,14.8727,0.0003717,0.000312788],
[0,30000,3,3,4.66987,9.38361,0.00031105,0.000312208],
[0,30000,4,4,3.11262,7.43634,0.000478375,0.00035375],
[0,30000,5,5,2.99367,6.40531,0.000491825,0.000381365],
[0,30000,10,10,2.77128,4.47712,0.000519737,0.000404427],
[0,30000,20,20,1.99186,3.44121,0.000767613,0.000456311],
[0,30000,50,50,1.67701,2.6352,0.000878888,0.000509133],
[0,30000,100,100,1.4252,2.23856,0.00104671,0.000568864],
[0,30000,200,200,1.21499,1.9457,0.00123355,0.000635333],
[0,30000,500,496,1.03688,1.66097,0.00144519,0.000708956],
[0,30000,1000,981,0.942313,1.49653,0.00163708,0.000786299],
[0,30000,30000,19027,0.872662,1.04621,0.00174663,0.00086017],
[1,30000,1,1,5.72687,inf,0.000247275,0.000247275],
[1,30000,2,2,4.45696,14.8727,0.000330038,0.000288656],
[1,30000,3,3,4.23235,9.38361,0.0003392,0.000305504],
[1,30000,4,4,3.2168,7.43634,0.000454163,0.000342669],
[1,30000,5,5,3.20123,6.40531,0.000454588,0.000365053],
[1,30000,10,10,2.52711,4.47712,0.000570375,0.000399273],
[1,30000,20,20,2.02936,3.44121,0.000738263,0.0004477],
[1,30000,50,50,1.6031,2.6352,0.000920538,0.000506805],
[1,30000,100,100,1.44476,2.23856,0.0010041,0.00056206],
[1,30000,200,199,1.2637,1.94755,0.00114284,0.000620138],
[1,30000,500,495,1.04129,1.66151,0.00135309,0.000686769],
[1,30000,1000,983,0.908186,1.49609,0.00155531,0.000759148],
[1,30000,30000,18963,0.88703,1.04657,0.0016054,0.000824244],
[2,30000,1,1,6.01682,inf,0.000240013,0.000240013],
[2,30000,2,2,4.68598,14.8727,0.000304875,0.000272444],
[2,30000,3,3,3.89349,9.38361,0.000361363,0.000302083],
[2,30000,4,4,3.19772,7.43634,0.000442488,0.000337184],
[2,30000,5,5,3.14816,6.40531,0.000459813,0.00036171],
[2,30000,10,10,2.47987,4.47712,0.000577262,0.000397635],
[2,30000,20,20,2.08965,3.44121,0.000682963,0.000438396],
[2,30000,50,50,1.60906,2.6352,0.000889588,0.000494795],
[2,30000,100,100,1.41585,2.23856,0.00105893,0.000557476],
[2,30000,200,199,1.25707,1.94755,0.00116473,0.000618201],
[2,30000,500,498,1.01087,1.6599,0.00137866,0.000687334],
[2,30000,1000,977,0.928644,1.49742,0.00154139,0.000758505],
[2,30000,30000,18913,0.853941,1.04685,0.00165139,0.000827188],
[3,30000,1,1,6.50548,inf,0.00023025,0.00023025],
[3,30000,2,2,5.37397,14.8727,0.000270275,0.000250263],
[3,30000,3,3,4.20461,9.38361,0.000352688,0.000284404],
[3,30000,4,4,3.35392,7.43634,0.00044745,0.000325166],
[3,30000,5,5,3.00186,6.40531,0.00048445,0.000357023],
[3,30000,10,10,2.40501,4.47712,0.000601275,0.000397731],
[3,30000,20,20,2.00473,3.44121,0.000715775,0.000443166],
[3,30000,50,50,1.66344,2.6352,0.0008729,0.000496883],
[3,30000,100,100,1.39287,2.23856,0.00102494,0.000555556],
[3,30000,200,199,1.19941,1.94755,0.00120791,0.000620791],
[3,30000,500,498,1.03826,1.6599,0.00143965,0.000695233],
[3,30000,1000,986,0.939126,1.49543,0.0015686,0.000768014],
[3,30000,30000,19025,0.878962,1.04622,0.0016597,0.000836605],
[4,30000,1,1,6.11996,inf,0.000237063,0.000237063],
[4,30000,2,2,3.98096,14.8727,0.000368363,0.000302713],
[4,30000,3,3,3.35845,9.38361,0.000426763,0.000344063],
[4,30000,4,4,3.25087,7.43634,0.000464825,0.000374253],
[4,30000,5,5,3.15794,6.40531,0.000468225,0.000393048],
[4,30000,10,10,2.71528,4.47712,0.000518975,0.000414035],
[4,30000,20,20,1.94715,3.44121,0.000737213,0.000460204],
[4,30000,50,50,1.6351,2.6352,0.000876,0.000512178],
[4,30000,100,100,1.44803,2.23856,0.000992263,0.000565521],
[4,30000,200,198,1.23091,1.9494,0.00119053,0.000628021],
[4,30000,500,499,1.04326,1.65936,0.00139098,0.000697381],
[4,30000,1000,989,0.918321,1.49477,0.00161548,0.000773889],
[4,30000,30000,18912,0.853667,1.04685,0.00172023,0.000846684],
[5,30000,1,1,5.7215,inf,0.000258525,0.000258525],
[5,30000,2,2,4.13985,14.8727,0.000352513,0.000305519],
[5,30000,3,3,4.19394,9.38361,0.000342688,0.000317908],
[5,30000,4,4,3.34013,7.43634,0.000441013,0.000348684],
[5,30000,5,5,2.9621,6.40531,0.000487413,0.00037643],
[5,30000,10,10,2.31309,4.47712,0.000665188,0.000424556],
[5,30000,20,20,2.1164,3.44121,0.0006774,0.000460677],
[5,30000,50,50,1.63171,2.6352,0.0008805,0.000513155],
[5,30000,100,100,1.40031,2.23856,0.00107185,0.000575232],
[5,30000,200,200,1.29709,1.9457,0.00112394,0.000630102],
[5,30000,500,498,1.00917,1.6599,0.00145808,0.000705373],
[5,30000,1000,987,0.929041,1.49521,0.00167825,0.000786446],
[5,30000,30000,19034,0.88148,1.04617,0.00160364,0.000849307],
[6,30000,1,1,9.64272,inf,0.00014285,0.00014285],
[6,30000,2,2,8.0992,14.8727,0.000173138,0.000157994],
[6,30000,3,3,3.94267,9.38361,0.000351938,0.000222642],
[6,30000,4,4,3.60652,7.43634,0.000387538,0.000263866],
[6,30000,5,5,3.6068,6.40531,0.000382188,0.00028753],
[6,30000,10,10,2.5191,4.47712,0.000554275,0.000331987],
[6,30000,20,20,2.07638,3.44121,0.00071515,0.000386725],
[6,30000,50,49,1.63033,2.64888,0.0008436,0.000443834],
[6,30000,100,99,1.44732,2.24346,0.000955725,0.000500711],
[6,30000,200,199,1.21999,1.94755,0.0011367,0.00056431],
[6,30000,500,496,1.04839,1.66097,0.0014115,0.000641327],
[6,30000,1000,987,0.936939,1.49521,0.00156219,0.000718066],
[6,30000,30000,18970,0.887624,1.04653,0.00162023,0.000787462],
[7,30000,1,1,12.0382,inf,0.00012035,0.00012035],
[7,30000,2,2,3.83563,14.8727,0.000371638,0.000245994],
[7,30000,3,3,4.35644,9.38361,0.000335263,0.00027575],
[7,30000,4,4,3.56043,7.43634,0.000413725,0.000310244],
[7,30000,5,5,3.20022,6.40531,0.0004452,0.000337235],
[7,30000,10,10,2.64577,4.47712,0.0005332,0.000369896],
[7,30000,20,20,2.16096,3.44121,0.0006501,0.000409925],
[7,30000,50,50,1.60666,2.6352,0.000864425,0.000466738],
[7,30000,100,100,1.37668,2.23856,0.00099975,0.000525961],
[7,30000,200,199,1.23194,1.94755,0.00112804,0.000586169],
[7,30000,500,495,1.00561,1.66151,0.00149173,0.000668492],
[7,30000,1000,985,0.934299,1.49565,0.00152453,0.000739828],
[7,30000,30000,18936,0.87207,1.04672,0.00165774,0.000810437],
[8,30000,1,1,6.7858,inf,0.000216913,0.000216913],
[8,30000,2,2,6.34501,14.8727,0.000235138,0.000226025],
[8,30000,3,3,4.0896,9.38361,0.000371075,0.000274375],
[8,30000,4,4,3.49176,7.43634,0.000427038,0.000312541],
[8,30000,5,5,3.11736,6.40531,0.000484413,0.000346915],
[8,30000,10,10,2.52022,4.47712,0.000567738,0.000383719],
[8,30000,20,20,2.06247,3.44121,0.000702938,0.000429321],
[8,30000,50,50,1.64246,2.6352,0.0008757,0.000485119],
[8,30000,100,98,1.41465,2.24842,0.0010407,0.00054685],
[8,30000,200,200,1.20675,1.9457,0.00118213,0.000610378],
[8,30000,500,498,1.01917,1.6599,0.00145314,0.000686992],
[8,30000,1000,987,0.922528,1.49521,0.0017458,0.000775226],
[8,30000,30000,19020,0.871668,1.04625,0.00167836,0.000844698],
[9,30000,1,1,6.45477,inf,0.000221788,0.000221788],
[9,30000,2,2,5.18803,14.8727,0.000278413,0.0002501],
[9,30000,3,3,3.79786,9.38361,0.000394538,0.000298246],
[9,30000,4,4,2.9578,7.43634,0.0005062,0.000350234],
[9,30000,5,5,2.90944,6.40531,0.000510313,0.00038225],
[9,30000,10,10,2.48989,4.47712,0.000607787,0.00041984],
[9,30000,20,20,1.9896,3.44121,0.000725963,0.000463571],
[9,30000,50,50,1.6798,2.6352,0.000842125,0.000510891],
[9,30000,100,100,1.40838,2.23856,0.00103684,0.000569329],
[9,30000,200,199,1.23896,1.94755,0.00117789,0.000630185],
[9,30000,500,495,1.03355,1.66151,0.00138674,0.000698963],
[9,30000,1000,980,0.911364,1.49675,0.00166369,0.000779356],
[9,30000,30000,18968,0.886509,1.04654,0.0016215,0.000844137],
[10,30000,1,1,7.24202,inf,0.000197663,0.000197663],
[10,30000,2,2,4.35149,14.8727,0.0003339,0.000265781],
[10,30000,3,3,3.37312,9.38361,0.000421013,0.000317525],
[10,30000,4,4,3.03837,7.43634,0.000470438,0.000355753],
[10,30000,5,5,2.93356,6.40531,0.000502125,0.000385028],
[10,30000,10,10,2.32457,4.47712,0.000640113,0.000427542],
[10,30000,20,20,2.12575,3.44121,0.000693363,0.000465516],
[10,30000,50,50,1.64119,2.6352,0.000912013,0.000521328],
[10,30000,100,99,1.46734,2.24346,0.000994975,0.000573956],
[10,30000,200,200,1.23601,1.9457,0.00117153,0.000633713],
[10,30000,500,497,1.01745,1.66043,0.00142108,0.000705291],
[10,30000,1000,982,0.939559,1.49631,0.00159123,0.000779119],
[10,30000,30000,18919,0.870897,1.04682,0.00165963,0.00084685],
[11,30000,1,1,5.58493,inf,0.000258513,0.000258513],
[11,30000,2,2,4.90046,14.8727,0.000291075,0.000274794],
[11,30000,3,3,4.07937,9.38361,0.0003427,0.000297429],
[11,30000,4,4,3.50298,7.43634,0.000396113,0.0003221],
[11,30000,5,5,3.14127,6.40531,0.0004448,0.00034664],
[11,30000,10,10,2.51614,4.47712,0.000597637,0.000388473],
[11,30000,20,20,2.07374,3.44121,0.0006884,0.00043132],
[11,30000,50,50,1.62773,2.6352,0.00086615,0.000485673],
[11,30000,100,100,1.41044,2.23856,0.00100923,0.000543846],
[11,30000,200,200,1.24701,1.9457,0.00116491,0.000605953],
[11,30000,500,498,1.03241,1.6599,0.00140306,0.000678417],
[11,30000,1000,974,0.927463,1.49809,0.00157178,0.000752864],
[11,30000,30000,18927,0.824916,1.04677,0.00179464,0.000833],
[0,300000,1,1,7.03429,inf,0.00260445,0.00260445],
[0,300000,2,2,4.39528,18.1946,0.00413565,0.00337005],
[0,300000,3,3,4.59444,11.4795,0.00389095,0.00354368],
[0,300000,4,4,3.70034,9.0973,0.00482545,0.00386413],
[0,300000,5,5,3.62599,7.83599,0.00491975,0.00407525],
[0,300000,10,10,3.0263,5.47712,0.00599038,0.00439444],
[0,300000,20,20,2.77843,4.20983,0.0065009,0.00469536],
[0,300000,50,50,2.04343,3.22379,0.0088651,0.00521658],
[0,300000,100,99,1.87462,2.74455,0.00984028,0.00573032],
[0,300000,200,200,1.64748,2.38029,0.0110021,0.0062575],
[0,300000,500,498,1.42488,2.03065,0.0127895,0.00685131],
[0,300000,1000,998,1.28221,1.82624,0.013998,0.00744687],
[0,300000,300000,189838,0.829733,1.03765,0.0215077,0.00852847],
[1,300000,1,1,10.6583,inf,0.00168473,0.00168473],
[1,300000,2,2,5.43682,18.1946,0.00331993,0.00250233],
[1,300000,3,3,4.93826,11.4795,0.00362058,0.00287507],
[1,300000,4,4,4.08213,9.0973,0.0044747,0.00327498],
[1,300000,5,5,3.81582,7.83599,0.0046932,0.00355863],
[1,300000,10,10,2.90007,5.47712,0.00632168,0.00401913],
[1,300000,20,20,2.6446,4.20983,0.0068758,0.00442723],
[1,300000,50,50,2.00194,3.22379,0.00925815,0.00503109],
[1,300000,100,100,1.87443,2.73856,0.00972912,0.0055531],
[1,300000,200,200,1.65093,2.38029,0.0111204,0.00610982],
[1,300000,500,498,1.42178,2.03065,0.0130396,0.0067398],
[1,300000,1000,998,1.29374,1.82624,0.0142672,0.00736709],
[1,300000,300000,189938,0.835479,1.03761,0.0220566,0.00849705],
[2,300000,1,1,11.0078,inf,0.0016315,0.0016315],
[2,300000,2,2,5.33755,18.1946,0.0034691,0.0025503],
[2,300000,3,3,4.90072,11.4795,0.0036512,0.00291727],
[2,300000,4,4,4.00057,9.0973,0.00461665,0.00334211],
[2,300000,5,5,3.46684,7.83599,0.00521703,0.0037171],
[2,300000,10,10,3.20278,5.47712,0.00562763,0.00403552],
[2,300000,20,20,2.71027,4.20983,0.00652893,0.00439172],
[2,300000,50,50,2.14473,3.22379,0.00838148,0.00489044],
[2,300000,100,100,1.86496,2.73856,0.00953203,0.00540617],
[2,300000,200,200,1.67235,2.38029,0.0107674,0.00594229],
[2,300000,500,499,1.41762,2.02999,0.0125922,0.00654683],
[2,300000,1000,998,1.30319,1.82624,0.0141931,0.00718402],
[2,300000,300000,189676,0.878154,1.03772,0.0212995,0.00826982],
[3,300000,1,1,6.83913,inf,0.00269815,0.00269815],
[3,300000,2,2,5.97423,18.1946,0.0031001,0.00289913],
[3,300000,3,3,5.9103,11.4795,0.00304913,0.00294913],
[3,300000,4,4,4.30628,9.0973,0.00419545,0.00326071],
[3,300000,5,5,4.33473,7.83599,0.0041491,0.00343838],
[3,300000,10,10,3.16565,5.47712,0.0058209,0.00383547],
[3,300000,20,20,2.68896,4.20983,0.006746,0.00425126],
[3,300000,50,50,2.10257,3.22379,0.00862283,0.00479771],
[3,300000,100,100,1.9253,2.73856,0.0093139,0.00529951],
[3,300000,200,200,1.60176,2.38029,0.0112804,0.0058976],
[3,300000,500,500,1.42369,2.02934,0.0125827,0.00650533],
[3,300000,1000,999,1.28429,1.82597,0.0140192,0.00713149],
[3,300000,300000,189690,0.82766,1.03772,0.0216652,0.00824947],
[4,300000,1,1,7.64921,inf,0.0023748,0.0023748],
[4,300000,2,2,5.37142,18.1946,0.00343785,0.00290633],
[4,300000,3,3,4.66498,11.4795,0.00392757,0.00324674],
[4,300000,4,4,4.09193,9.0973,0.00443208,0.00354308],
[4,300000,5,5,3.72439,7.83599,0.00495103,0.00382467],
[4,300000,10,10,3.0881,5.47712,0.00598115,0.00418408],
[4,300000,20,20,2.5626,4.20983,0.00701705,0.00458879],
[4,300000,50,50,2.13208,3.22379,0.00851913,0.00508008],
[4,300000,100,100,1.80217,2.73856,0.00996457,0.0056228],
[4,300000,200,200,1.58866,2.38029,0.0114745,0.00620798],
[4,300000,500,500,1.37307,2.02934,0.013324,0.00685489],
[4,300000,1000,997,1.26813,1.8265,0.0144552,0.00748824],
[4,300000,300000,189647,0.840023,1.03774,0.0222246,0.00862181],
[5,300000,1,1,6.98865,inf,0.00259465,0.00259465],
[5,300000,2,2,4.94409,18.1946,0.0037445,0.00316957],
[5,300000,3,3,4.20486,11.4795,0.0043301,0.00355642],
[5,300000,4,4,4.14681,9.0973,0.00445763,0.00378172],
[5,300000,5,5,3.71988,7.83599,0.0048972,0.00400482],
[5,300000,10,10,2.96061,5.47712,0.00620498,0.00437151],
[5,300000,20,20,2.54023,4.20983,0.00720745,0.00477664],
[5,300000,50,50,2.09165,3.22379,0.0088567,0.00528665],
[5,300000,100,100,1.82644,2.73856,0.0100395,0.00581474],
[5,300000,200,200,1.56787,2.38029,0.0114878,0.00638205],
[5,300000,500,498,1.38804,2.03065,0.0135169,0.00703067],
[5,300000,1000,998,1.26427,1.82624,0.0146898,0.00766893],
[5,300000,300000,189655,0.837505,1.03773,0.021903,0.00876386],
[6,300000,1,1,8.75938,inf,0.0021011,0.0021011],
[6,300000,2,2,5.82778,18.1946,0.0031731,0.0026371],
[6,300000,3,3,4.50688,11.4795,0.00402043,0.00309821],
[6,300000,4,4,4.07196,9.0973,0.00449918,0.00344845],
[6,300000,5,5,3.90281,7.83599,0.0047086,0.00370048],
[6,300000,10,10,3.04175,5.47712,0.006113,0.00410257],
[6,300000,20,20,2.68246,4.20983,0.0068918,0.00450103],
[6,300000,50,50,2.10591,3.22379,0.00902738,0.00506682],
[6,300000,100,100,1.82088,2.73856,0.0103548,0.00565437],
[6,300000,200,200,1.61347,2.38029,0.0114344,0.00623238],
[6,300000,500,499,1.39763,2.02999,0.0133208,0.00687677],
[6,300000,1000,999,1.30913,1.82597,0.0142578,0.00749186],
[6,300000,300000,189869,0.845323,1.03764,0.0219223,0.00860189],
[7,300000,1,1,11.4396,inf,0.00160253,0.00160253],
[7,300000,2,2,5.16311,18.1946,0.003531,0.00256676],
[7,300000,3,3,5.1085,11.4795,0.00372523,0.00295292],
[7,300000,4,4,4.19585,9.0973,0.0043759,0.00330866],
[7,300000,5,5,3.72282,7.83599,0.00482413,0.00361175],
[7,300000,10,10,3.08521,5.47712,0.00589578,0.00399242],
[7,300000,20,20,2.6966,4.20983,0.00666495,0.00437421],
[7,300000,50,50,2.05768,3.22379,0.00878633,0.00492573],
[7,300000,100,100,1.9064,2.73856,0.00947015,0.00543066],
[7,300000,200,200,1.62224,2.38029,0.0110399,0.00599159],
[7,300000,500,500,1.46562,2.02934,0.0124154,0.00657557],
[7,300000,1000,999,1.28364,1.82597,0.0138818,0.00718442],
[7,300000,300000,189636,0.848668,1.03774,0.0211312,0.00825725],
[8,300000,1,1,6.92276,inf,0.00262413,0.00262413],
[8,300000,2,2,6.51927,18.1946,0.00278415,0.00270414],
[8,300000,3,3,4.96157,11.4795,0.0036088,0.00300569],
[8,300000,4,4,4.76788,9.0973,0.00380325,0.00320508],
[8,300000,5,5,3.82671,7.83599,0.0047297,0.00351001],
[8,300000,10,10,3.0639,5.47712,0.00606705,0.00393618],
[8,300000,20,20,2.70563,4.20983,0.00679115,0.00434403],
[8,300000,50,50,1.91673,3.22379,0.00943543,0.00498046],
[8,300000,100,100,1.92756,2.73856,0.00967603,0.00550219],
[8,300000,200,200,1.61284,2.38029,0.0113201,0.00608398],
[8,300000,500,498,1.45468,2.03065,0.0128837,0.00670213],
[8,300000,1000,1000,1.32751,1.82571,0.014258,0.00733179],
[8,300000,300000,189338,0.845939,1.03788,0.0215145,0.00842276],
[9,300000,1,1,9.73513,inf,0.00185635,0.00185635],
[9,300000,2,2,6.32112,18.1946,0.00289588,0.00237611],
[9,300000,3,3,4.9749,11.4795,0.00366303,0.00280508],
[9,300000,4,4,4.03608,9.0973,0.0045575,0.00324319],
[9,300000,5,5,4.24079,7.83599,0.0042768,0.00344991],
[9,300000,10,10,3.14633,5.47712,0.00586788,0.0038529],
[9,300000,20,20,2.55833,4.20983,0.00704098,0.00430834],
[9,300000,50,50,2.04617,3.22379,0.00883028,0.00487358],
[9,300000,100,100,1.88687,2.73856,0.009534,0.00539141],
[9,300000,200,199,1.65694,2.38255,0.0110278,0.00595505],
[9,300000,500,499,1.40768,2.02999,0.0128839,0.00658494],
[9,300000,1000,998,1.25041,1.82624,0.0144464,0.00724006],
[9,300000,300000,190018,0.851854,1.03757,0.0214679,0.00833451],
[10,300000,1,1,8.21156,inf,0.00223115,0.00223115],
[10,300000,2,2,6.27577,18.1946,0.0028941,0.00256263],
[10,300000,3,3,4.24239,11.4795,0.0043943,0.00317318],
[10,300000,4,4,4.00209,9.0973,0.00469738,0.00355423],
[10,300000,5,5,3.85511,7.83599,0.00467378,0.00377814],
[10,300000,10,10,2.95182,5.47712,0.00619483,0.00418092],
[10,300000,20,20,2.729,4.20983,0.00662292,0.00452978],
[10,300000,50,50,2.10185,3.22379,0.008857,0.00507068],
[10,300000,100,100,1.80247,2.73856,0.0101447,0.00563446],
[10,300000,200,200,1.66888,2.38029,0.0110291,0.00617393],
[10,300000,500,499,1.42116,2.02999,0.0132858,0.00682046],
[10,300000,1000,999,1.27143,1.82597,0.0144533,0.00745653],
[10,300000,300000,189584,0.848788,1.03777,0.0214594,0.00853368],
[11,300000,1,1,11.5142,inf,0.00157705,0.00157705],
[11,300000,2,2,5.16524,18.1946,0.00358908,0.00258306],
[11,300000,3,3,4.536,11.4795,0.00403385,0.00306666],
[11,300000,4,4,4.43667,9.0973,0.00415428,0.00333856],
[11,300000,5,5,3.70377,7.83599,0.0049436,0.00365957],
[11,300000,10,10,3.31776,5.47712,0.00552048,0.00396972],
[11,300000,20,20,2.54536,4.20983,0.0071213,0.00441995],
[11,300000,50,50,2.12395,3.22379,0.0087381,0.00495972],
[11,300000,100,100,1.87771,2.73856,0.00963362,0.00547904],
[11,300000,200,200,1.67897,2.38029,0.0110011,0.00603124],
[11,300000,500,500,1.43731,2.02934,0.012911,0.00665667],
[11,300000,1000,999,1.21722,1.82597,0.0149825,0.00735049],
[11,300000,300000,189474,0.833706,1.03782,0.0219963,0.00847709],
[0,3000000,1,1,8.54455,inf,0.0259206,0.0259206],
[0,3000000,2,2,6.21264,21.5165,0.0352022,0.0305614],
[0,3000000,3,3,5.0314,13.5754,0.0439455,0.0350227],
[0,3000000,4,4,4.75944,10.7583,0.0465837,0.037913],
[0,3000000,5,5,4.35487,9.26667,0.0503893,0.0404082],
[0,3000000,10,10,3.51448,6.47712,0.0622566,0.0440496],
[0,3000000,20,20,2.89988,4.97846,0.076041,0.0486198],
[0,3000000,50,50,2.43336,3.81238,0.0912589,0.0539497],
[0,3000000,100,100,2.15996,3.23856,0.101591,0.0592432],
[0,3000000,200,200,1.97693,2.81488,0.110828,0.0644017],
[0,3000000,500,500,1.68744,2.39985,0.129596,0.0703285],
[0,3000000,1000,1000,1.54057,2.15904,0.140557,0.0761808],
[0,3000000,3000000,1898079,0.868467,1.03167,0.254819,0.0899222],
[1,3000000,1,1,9.45608,inf,0.0230248,0.0230248],
[1,3000000,2,2,6.91816,21.5165,0.0317173,0.027371],
[1,3000000,3,3,5.1196,13.5754,0.0429184,0.0325535],
[1,3000000,4,4,4.5064,10.7583,0.0489226,0.0366458],
[1,3000000,5,5,4.49414,9.26667,0.0491878,0.0391542],
[1,3000000,10,10,3.46472,6.47712,0.0633054,0.0431794],
[1,3000000,20,20,2.96471,4.97846,0.0731249,0.0474573],
[1,3000000,50,50,2.35671,3.81238,0.0920704,0.0530339],
[1,3000000,100,100,2.1555,3.23856,0.100854,0.0583473],
[1,3000000,200,200,1.92023,2.81488,0.113704,0.063883],
[1,3000000,500,500,1.71218,2.39985,0.127727,0.069687],
[1,3000000,1000,999,1.50578,2.15935,0.148513,0.0762558],
[1,3000000,3000000,1896882,0.854905,1.03171,0.253987,0.0899274],
[2,3000000,1,1,8.21312,inf,0.0264953,0.0264953],
[2,3000000,2,2,7.04491,21.5165,0.0312779,0.0288866],
[2,3000000,3,3,5.09977,13.5754,0.0427959,0.033523],
[2,3000000,4,4,4.68955,10.7583,0.0469001,0.0368673],
[2,3000000,5,5,4.27426,9.26667,0.0514339,0.0397806],
[2,3000000,10,10,3.48356,6.47712,0.0631084,0.0436686],
[2,3000000,20,20,3.01871,4.97846,0.0730343,0.0478637],
[2,3000000,50,50,2.56322,3.81238,0.0858986,0.052618],
[2,3000000,100,100,2.1433,3.23856,0.102533,0.0581642],
[2,3000000,200,200,1.92104,2.81488,0.113234,0.0636712],
[2,3000000,500,500,1.64285,2.39985,0.132168,0.0698982],
[2,3000000,1000,999,1.54275,2.15935,0.141056,0.075828],
[2,3000000,3000000,1898275,0.865818,1.03166,0.252987,0.0894556],
[3,3000000,1,1,10.0232,inf,0.0218984,0.0218984],
[3,3000000,2,2,6.95803,21.5165,0.0314857,0.026692],
[3,3000000,3,3,5.60411,13.5754,0.0391296,0.0308379],
[3,3000000,4,4,5.05093,10.7583,0.0431361,0.0339124],
[3,3000000,5,5,4.18718,9.26667,0.0522656,0.037583],
[3,3000000,10,10,3.40773,6.47712,0.0649764,0.0421486],
[3,3000000,20,20,2.86887,4.97846,0.078164,0.0472937],
[3,3000000,50,50,2.38518,3.81238,0.092107,0.0528953],
[3,3000000,100,100,2.12245,3.23856,0.103348,0.0585012],
[3,3000000,200,200,1.9556,2.81488,0.114237,0.0640747],
[3,3000000,500,500,1.72939,2.39985,0.127893,0.0698764],
[3,3000000,1000,999,1.5445,2.15935,0.142243,0.075907],
[3,3000000,3000000,1897880,0.853925,1.03167,0.262427,0.0902547],
[4,3000000,1,1,8.68388,inf,0.0255224,0.0255224],
[4,3000000,2,2,7.2753,21.5165,0.0306143,0.0280683],
[4,3000000,3,3,5.63635,13.5754,0.0391437,0.0317601],
[4,3000000,4,4,5.14381,10.7583,0.0424897,0.0344425],
[4,3000000,5,5,4.19769,9.26667,0.0525601,0.038066],
[4,3000000,10,10,3.9663,6.47712,0.0556877,0.041003],
[4,3000000,20,20,3.03014,4.97846,0.073431,0.0456356],
[4,3000000,50,50,2.46495,3.81238,0.0918339,0.0514104],
[4,3000000,100,100,1.92401,3.23856,0.117687,0.0587744],
[4,3000000,200,200,1.91685,2.81488,0.114576,0.0643546],
[4,3000000,500,500,1.64427,2.39985,0.136761,0.070937],
[4,3000000,1000,999,1.53877,2.15935,0.142451,0.0768965],
[4,3000000,3000000,1897333,0.849574,1.03169,0.262351,0.0911622],
[5,3000000,1,1,10.5241,inf,0.0209173,0.0209173],
[5,3000000,2,2,5.50236,21.5165,0.0402308,0.030574],
[5,3000000,3,3,4.61433,13.5754,0.047711,0.0362863],
[5,3000000,4,4,4.76589,10.7583,0.0462061,0.0387663],
[5,3000000,5,5,4.76053,9.26667,0.0460689,0.0402268],
[5,3000000,10,10,3.34554,6.47712,0.0655708,0.0444508],
[5,3000000,20,20,2.90766,4.97846,0.0753817,0.0488695],
[5,3000000,50,50,2.40311,3.81238,0.0906491,0.0540919],
[5,3000000,100,100,2.08573,3.23856,0.105462,0.0597998],
[5,3000000,200,200,1.89854,2.81488,0.114849,0.0653047],
[5,3000000,500,500,1.70924,2.39985,0.128584,0.0710574],
[5,3000000,1000,1000,1.55222,2.15904,0.14142,0.0769209],
[5,3000000,3000000,1897572,0.85365,1.03168,0.2546,0.0905886],
[6,3000000,1,1,8.54016,inf,0.0256712,0.0256712],
[6,3000000,2,2,5.65069,21.5165,0.0389392,0.0323052],
[6,3000000,3,3,5.67732,13.5754,0.0388132,0.0344745],
[6,3000000,4,4,4.552,10.7583,0.0479429,0.0378416],
[6,3000000,5,5,5.05888,9.26667,0.0433326,0.0389398],
[6,3000000,10,10,3.34019,6.47712,0.0657598,0.0434098],
[6,3000000,20,20,2.99104,4.97846,0.0740917,0.0477929],
[6,3000000,50,50,2.43353,3.81238,0.0903772,0.053116],
[6,3000000,100,100,2.16499,3.23856,0.102693,0.0586245],
[6,3000000,200,200,1.88432,2.81488,0.117794,0.0645414],
[6,3000000,500,500,1.70099,2.39985,0.134311,0.0708841],
[6,3000000,1000,1000,1.56123,2.15904,0.141644,0.0767808],
[6,3000000,3000000,1897333,0.853833,1.03169,0.259437,0.0908313],
[7,3000000,1,1,10.7183,inf,0.0205473,0.0205473],
[7,3000000,2,2,6.74145,21.5165,0.0324141,0.0264807],
[7,3000000,3,3,5.35422,13.5754,0.0408985,0.0312866],
[7,3000000,4,4,5.09077,10.7583,0.0429362,0.034199],
[7,3000000,5,5,3.93121,9.26667,0.05588,0.0385352],
[7,3000000,10,10,3.3406,6.47712,0.0651813,0.0429762],
[7,3000000,20,20,2.76458,4.97846,0.0791025,0.0481371],
[7,3000000,50,50,2.36697,3.81238,0.0929221,0.0537352],
[7,3000000,100,100,2.13041,3.23856,0.101755,0.0590707],
[7,3000000,200,200,1.92476,2.81488,0.114014,0.0645651],
[7,3000000,500,500,1.71615,2.39985,0.128266,0.0703561],
[7,3000000,1000,1000,1.52577,2.15904,0.142416,0.076361],
[7,3000000,3000000,1897778,0.857156,1.03168,0.253488,0.0899862],
[8,3000000,1,1,7.6994,inf,0.0283145,0.0283145],
[8,3000000,2,2,5.81359,21.5165,0.0377522,0.0330333],
[8,3000000,3,3,5.31154,13.5754,0.0409776,0.0356814],
[8,3000000,4,4,4.38339,10.7583,0.0499478,0.039248],
[8,3000000,5,5,5.22978,9.26667,0.0417212,0.0397427],
[8,3000000,10,10,3.50915,6.47712,0.0639916,0.0437841],
[8,3000000,20,20,2.90942,4.97846,0.074183,0.0481268],
[8,3000000,50,50,2.512,3.81238,0.0864916,0.0529224],
[8,3000000,100,100,2.20203,3.23856,0.0989418,0.0580357],
[8,3000000,200,200,1.94368,2.81488,0.110641,0.0632963],
[8,3000000,500,500,1.69079,2.39985,0.127701,0.0691512],
[8,3000000,1000,1000,1.55866,2.15904,0.139562,0.0750188],
[8,3000000,3000000,1898499,0.867242,1.03165,0.24783,0.0883119],
[9,3000000,1,1,12.8324,inf,0.0167843,0.0167843],
[9,3000000,2,2,5.36413,21.5165,0.0399686,0.0283765],
[9,3000000,3,3,4.76342,13.5754,0.0449437,0.0338989],
[9,3000000,4,4,4.32858,10.7583,0.0495887,0.0378213],
[9,3000000,5,5,4.15534,9.26667,0.051315,0.0405201],
[9,3000000,10,10,3.65384,6.47712,0.0593828,0.0436638],
[9,3000000,20,20,2.92135,4.97846,0.0751376,0.0481601],
[9,3000000,50,50,2.34607,3.81238,0.0911891,0.0535387],
[9,3000000,100,100,2.1547,3.23856,0.101491,0.0588667],
[9,3000000,200,200,1.82922,2.81488,0.118904,0.0648705],
[9,3000000,500,500,1.73692,2.39985,0.132032,0.0709761],
[9,3000000,1000,1000,1.54685,2.15904,0.14104,0.0768147],
[9,3000000,3000000,1898091,0.832242,1.03167,0.26457,0.0912574],
[10,3000000,1,1,8.81521,inf,0.0249296,0.0249296],
[10,3000000,2,2,5.37085,21.5165,0.0412748,0.0331022],
[10,3000000,3,3,4.90164,13.5754,0.0450941,0.0370995],
[10,3000000,4,4,4.85232,10.7583,0.045187,0.0391213],
[10,3000000,5,5,5.0304,9.26667,0.0436715,0.0400314],
[10,3000000,10,10,3.34425,6.47712,0.0657361,0.0443155],
[10,3000000,20,20,3.10403,4.97846,0.0712071,0.0481571],
[10,3000000,50,50,2.42454,3.81238,0.0907205,0.0534776],
[10,3000000,100,100,2.10108,3.23856,0.103469,0.0590321],
[10,3000000,200,200,1.86041,2.81488,0.116541,0.064783],
[10,3000000,500,500,1.66102,2.39985,0.130913,0.0707949],
[10,3000000,1000,1000,1.52576,2.15904,0.143046,0.0768158],
[10,3000000,3000000,1896926,0.845985,1.03171,0.261634,0.0910326],
[11,3000000,1,1,8.22439,inf,0.0268723,0.0268723],
[11,3000000,2,2,5.55257,21.5165,0.0396751,0.0332737],
[11,3000000,3,3,5.56034,13.5754,0.0395578,0.0353684],
[11,3000000,4,4,4.94728,10.7583,0.0444184,0.0376309],
[11,3000000,5,5,4.21093,9.26667,0.0524971,0.0406041],
[11,3000000,10,10,3.64945,6.47712,0.060094,0.0438524],
[11,3000000,20,20,2.85417,4.97846,0.0762802,0.048485],
[11,3000000,50,50,2.37421,3.81238,0.092356,0.0539688],
[11,3000000,100,100,2.14205,3.23856,0.101395,0.0592384],
[11,3000000,200,200,1.94687,2.81488,0.112602,0.0645747],
[11,3000000,500,500,1.68821,2.39985,0.130023,0.0705246],
[11,3000000,1000,1000,1.53707,2.15904,0.145742,0.0767927],
[11,3000000,3000000,1898187,0.85,1.03166,0.25543,0.090534],
[0,30000000,1,1,12.2855,inf,0.209279,0.209279],
[0,30000000,2,2,7.26144,24.8385,0.343467,0.276373],
[0,30000000,3,3,7.41243,15.6713,0.341784,0.298177],
[0,30000000,4,4,6.0834,12.4192,0.406573,0.325276],
[0,30000000,5,5,5.32306,10.6973,0.465765,0.353374],
[0,30000000,10,10,4.04598,7.47712,0.613808,0.39678],
[0,30000000,20,20,3.50502,5.74708,0.704352,0.440718],
[0,30000000,50,50,2.85836,4.40097,0.871844,0.494609],
[0,30000000,100,100,2.49293,3.73856,1.01316,0.552225],
[0,30000000,200,200,2.20529,3.24947,1.13897,0.610899],
[0,30000000,500,500,1.95609,2.77036,1.28313,0.672012],
[0,30000000,1000,1000,1.76127,2.49237,1.41698,0.734092],
[0,30000000,30000000,19123392,0.865875,1.02686,2.89521,0.900332],
[1,30000000,1,1,11.4954,inf,0.218445,0.218445],
[1,30000000,2,2,8.90035,24.8385,0.284157,0.251301],
[1,30000000,3,3,6.82025,15.6713,0.370906,0.291169],
[1,30000000,4,4,5.71463,12.4192,0.432235,0.326436],
[1,30000000,5,5,4.73588,10.6973,0.531619,0.367472],
[1,30000000,10,10,4.27635,7.47712,0.581714,0.403179],
[1,30000000,20,20,3.32981,5.74708,0.746707,0.452255],
[1,30000000,50,50,2.82372,4.40097,0.89208,0.507233],
[1,30000000,100,100,2.53788,3.73856,0.989815,0.560853],
[1,30000000,200,200,2.26319,3.24947,1.12204,0.616972],
[1,30000000,500,500,1.95276,2.77036,1.26887,0.676236],
[1,30000000,1000,1000,1.76674,2.49237,1.414,0.737716],
[1,30000000,30000000,19120559,0.865127,1.02687,2.90726,0.904604],
[2,30000000,1,1,9.72141,inf,0.256936,0.256936],
[2,30000000,2,2,8.53359,24.8385,0.293921,0.275428],
[2,30000000,3,3,6.07364,15.6713,0.408629,0.319829],
[2,30000000,4,4,5.81519,12.4192,0.428821,0.347077],
[2,30000000,5,5,4.86839,10.6973,0.514532,0.380568],
[2,30000000,10,10,4.70385,7.47712,0.529057,0.405316],
[2,30000000,20,20,3.63891,5.74708,0.685147,0.445292],
[2,30000000,50,50,2.93436,4.40097,0.850458,0.495938],
[2,30000000,100,100,2.53836,3.73856,1.01438,0.553542],
[2,30000000,200,200,2.22551,3.24947,1.13113,0.611301],
[2,30000000,500,500,1.97872,2.77036,1.26384,0.670622],
[2,30000000,1000,1000,1.83454,2.49237,1.35717,0.727835],
[2,30000000,30000000,19121881,0.868882,1.02686,2.89018,0.894169],
[3,30000000,1,1,10.5598,inf,0.23811,0.23811],
[3,30000000,2,2,6.6847,24.8385,0.377781,0.307945],
[3,30000000,3,3,6.23679,15.6713,0.405938,0.34061],
[3,30000000,4,4,6.00198,12.4192,0.422795,0.361156],
[3,30000000,5,5,5.81736,10.6973,0.437502,0.376425],
[3,30000000,10,10,4.09732,7.47712,0.624214,0.417723],
[3,30000000,20,20,3.64049,5.74708,0.695582,0.457417],
[3,30000000,50,50,2.81541,4.40097,0.888149,0.511259],
[3,30000000,100,100,2.51537,3.73856,1.00095,0.565669],
[3,30000000,200,200,2.19726,3.24947,1.13385,0.622488],
[3,30000000,500,500,1.93942,2.77036,1.28852,0.683036],
[3,30000000,1000,1000,1.7951,2.49237,1.39066,0.742005],
[3,30000000,30000000,19124130,0.871682,1.02685,2.88655,0.90697],
[4,30000000,1,1,9.44369,inf,0.264931,0.264931],
[4,30000000,2,2,6.92247,24.8385,0.358428,0.311679],
[4,30000000,3,3,6.13099,15.6713,0.405439,0.342933],
[4,30000000,4,4,6.02683,12.4192,0.414497,0.360824],
[4,30000000,5,5,5.17618,10.6973,0.484908,0.385641],
[4,30000000,10,10,4.12959,7.47712,0.602806,0.421835],
[4,30000000,20,20,3.48154,5.74708,0.714062,0.463582],
[4,30000000,50,50,2.83494,4.40097,0.877763,0.515354],
[4,30000000,100,100,2.47566,3.73856,1.02174,0.57162],
[4,30000000,200,200,2.15237,3.24947,1.16954,0.631411],
[4,30000000,500,500,1.85928,2.77036,1.36393,0.698004],
[4,30000000,1000,1000,1.80099,2.49237,1.40057,0.756551],
[4,30000000,30000000,19121312,0.867446,1.02686,2.87563,0.919557],
[5,30000000,1,1,10.4057,inf,0.239567,0.239567],
[5,30000000,2,2,7.54412,24.8385,0.330578,0.285073],
[5,30000000,3,3,7.35221,15.6713,0.339652,0.303266],
[5,30000000,4,4,4.97029,12.4192,0.508845,0.35466],
[5,30000000,5,5,5.14252,10.6973,0.488836,0.381496],
[5,30000000,10,10,4.24377,7.47712,0.591697,0.416529],
[5,30000000,20,20,3.44033,5.74708,0.730968,0.461449],
[5,30000000,50,50,2.74174,4.40097,0.905988,0.517016],
[5,30000000,100,100,2.48208,3.73856,1.00621,0.571371],
[5,30000000,200,200,2.18145,3.24947,1.14756,0.628989],
[5,30000000,500,500,1.93959,2.77036,1.29807,0.689815],
[5,30000000,1000,1000,1.75913,2.49237,1.41704,0.750417],
[5,30000000,30000000,19122091,0.879666,1.02686,2.84522,0.911555],
[6,30000000,1,1,9.15878,inf,0.274368,0.274368],
[6,30000000,2,2,12.5305,24.8385,0.200057,0.237213],
[6,30000000,3,3,6.65085,15.6713,0.376392,0.283606],
[6,30000000,4,4,6.28256,12.4192,0.395612,0.311607],
[6,30000000,5,5,5.29158,10.6973,0.475516,0.344389],
[6,30000000,10,10,4.26057,7.47712,0.583146,0.384182],
[6,30000000,20,20,3.58142,5.74708,0.698156,0.429035],
[6,30000000,50,50,2.94367,4.40097,0.84481,0.481007],
[6,30000000,100,100,2.46647,3.73856,1.01928,0.540815],
[6,30000000,200,200,2.23973,3.24947,1.1116,0.597893],
[6,30000000,500,500,2.01158,2.77036,1.23961,0.656232],
[6,30000000,1000,1000,1.79475,2.49237,1.39015,0.717391],
[6,30000000,30000000,19125548,0.892168,1.02685,2.82529,0.879537],
[7,30000000,1,1,10.2497,inf,0.24197,0.24197],
[7,30000000,2,2,10.0407,24.8385,0.250123,0.246046],
[7,30000000,3,3,6.13616,15.6713,0.407796,0.299963],
[7,30000000,4,4,5.36575,12.4192,0.471563,0.342863],
[7,30000000,5,5,5.15158,10.6973,0.493837,0.373058],
[7,30000000,10,10,4.33698,7.47712,0.578362,0.407275],
[7,30000000,20,20,3.41009,5.74708,0.749355,0.456144],
[7,30000000,50,50,2.84486,4.40097,0.888002,0.510126],
[7,30000000,100,100,2.45216,3.73856,1.02483,0.567316],
[7,30000000,200,200,2.12619,3.24947,1.18639,0.629223],
[7,30000000,500,500,1.90707,2.77036,1.33066,0.692989],
[7,30000000,1000,1000,1.79344,2.49237,1.40943,0.752693],
[7,30000000,30000000,19118989,0.869244,1.02687,2.89418,0.917423],
[8,30000000,1,1,22.44,inf,0.109289,0.109289],
[8,30000000,2,2,6.85744,24.8385,0.364045,0.236667],
[8,30000000,3,3,6.3607,15.6713,0.387117,0.286817],
[8,30000000,4,4,6.27756,12.4192,0.393689,0.313535],
[8,30000000,5,5,5.43621,10.6973,0.455224,0.341873],
[8,30000000,10,10,4.2601,7.47712,0.579136,0.381417],
[8,30000000,20,20,3.38297,5.74708,0.736814,0.432188],
[8,30000000,50,50,2.81207,4.40097,0.899606,0.490615],
[8,30000000,100,100,2.40615,3.73856,1.02932,0.550471],
[8,30000000,200,200,2.16639,3.24947,1.15555,0.610979],
[8,30000000,500,500,1.96708,2.77036,1.27533,0.671374],
[8,30000000,1000,1000,1.7361,2.49237,1.42327,0.734033],
[8,30000000,30000000,19124610,0.876941,1.02685,2.78928,0.892128],
[9,30000000,1,1,11.0338,inf,0.220288,0.220288],
[9,30000000,2,2,7.27179,24.8385,0.336573,0.27843],
[9,30000000,3,3,6.66869,15.6713,0.364579,0.307147],
[9,30000000,4,4,5.97997,12.4192,0.409688,0.332782],
[9,30000000,5,5,5.84776,10.6973,0.42213,0.350652],
[9,30000000,10,10,4.1024,7.47712,0.592729,0.390998],
[9,30000000,20,20,3.396,5.74708,0.719368,0.437908],
[9,30000000,50,50,2.73827,4.40097,0.892644,0.49475],
[9,30000000,100,100,2.43865,3.73856,0.996575,0.550508],
[9,30000000,200,200,2.25368,3.24947,1.09063,0.604521],
[9,30000000,500,500,1.94986,2.77036,1.29864,0.667623],
[9,30000000,1000,1000,1.77561,2.49237,1.41431,0.729847],
[9,30000000,30000000,19122489,0.866386,1.02686,2.91983,0.898307],
[10,30000000,1,1,10.7329,inf,0.238046,0.238046],
[10,30000000,2,2,7.67581,24.8385,0.326911,0.282478],
[10,30000000,3,3,6.82719,15.6713,0.368262,0.311073],
[10,30000000,4,4,6.04114,12.4192,0.428471,0.340422],
[10,30000000,5,5,5.59943,10.6973,0.458895,0.364117],
[10,30000000,10,10,4.04908,7.47712,0.634319,0.40915],
[10,30000000,20,20,3.18774,5.74708,0.802816,0.465388],
[10,30000000,50,50,2.74426,4.40097,0.93641,0.524266],
[10,30000000,100,100,2.39904,3.73856,1.06746,0.584621],
[10,30000000,200,200,2.17186,3.24947,1.1618,0.642339],
[10,30000000,500,500,1.91752,2.77036,1.32687,0.704569],
[10,30000000,1000,1000,1.74753,2.49237,1.48403,0.769524],
[10,30000000,30000000,19124704,0.853687,1.02685,3.00417,0.94142],
[11,30000000,1,1,11.7156,inf,0.218106,0.218106],
[11,30000000,2,2,6.95587,24.8385,0.363168,0.290637],
[11,30000000,3,3,6.34335,15.6713,0.399272,0.326849],
[11,30000000,4,4,6.17355,12.4192,0.413269,0.348454],
[11,30000000,5,5,5.84213,10.6973,0.445852,0.367933],
[11,30000000,10,10,4.00934,7.47712,0.63991,0.413263],
[11,30000000,20,20,3.26742,5.74708,0.775381,0.464994],
[11,30000000,50,50,2.69965,4.40097,0.951265,0.525778],
[11,30000000,100,100,2.44026,3.73856,1.04597,0.583577],
[11,30000000,200,200,2.18745,3.24947,1.17305,0.642524],
[11,30000000,500,500,1.93534,2.77036,1.31605,0.703754],
[11,30000000,1000,1000,1.77995,2.49237,1.42058,0.763489],
[11,30000000,30000000,19123132,0.861357,1.02686,2.93122,0.930238]]
