[

[0,30,1,1,0.445783,inf,2.59375e-07,2.59375e-07],
[0,30,2,2,0.76087,4.90689,1.4375e-07,2.01563e-07],
[0,30,3,3,0.615385,3.0959,1.625e-07,1.88542e-07],
[0,30,4,4,0.755556,2.45345,1.40625e-07,1.76563e-07],
[0,30,5,5,0.533333,2.11328,1.875e-07,1.7875e-07],
[0,30,10,10,0.785714,1.47712,1.3125e-07,1.70833e-07],
[0,30,20,20,0.916667,1.13535,1.125e-07,1.625e-07],
[0,30,50,30,0.695652,1,1.4375e-07,1.60156e-07],
[0,30,100,30,0.627451,1,1.59375e-07,1.60069e-07],
[0,30,200,30,0.603774,1,1.65625e-07,1.60625e-07],
[0,30,500,30,0.571429,1,1.75e-07,1.61932e-07],
[0,30,1000,30,0.756098,1,1.28125e-07,1.59115e-07],
[0,30,30,30,0.825,1,1.25e-07,1.5649e-07],
[1,30,1,1,0.708333,inf,1.5e-07,1.5e-07],
[1,30,2,2,0.738095,4.90689,1.3125e-07,1.40625e-07],
[1,30,3,3,0.659091,3.0959,1.375e-07,1.39583e-07],
[1,30,4,4,0.674419,2.45345,1.34375e-07,1.38281e-07],
[1,30,5,5,0.517857,2.11328,1.75e-07,1.45625e-07],
[1,30,10,10,0.627907,1.47712,1.34375e-07,1.4375e-07],
[1,30,20,20,0.652174,1.13535,1.4375e-07,1.4375e-07],
[1,30,50,30,0.659091,1,1.375e-07,1.42969e-07],
[1,30,100,30,0.666667,1,1.3125e-07,1.41667e-07],
[1,30,200,30,0.682927,1,1.28125e-07,1.40313e-07],
[1,30,500,30,0.622222,1,1.40625e-07,1.40341e-07],
[1,30,1000,30,0.644444,1,1.40625e-07,1.40365e-07],
[1,30,30,30,0.622222,1,1.40625e-07,1.40385e-07],
[2,30,1,1,0.73913,inf,1.4375e-07,1.4375e-07],
[2,30,2,2,0.767442,4.90689,1.34375e-07,1.39062e-07],
[2,30,3,3,0.704545,3.0959,1.375e-07,1.38542e-07],
[2,30,4,4,0.767442,2.45345,1.34375e-07,1.375e-07],
[2,30,5,5,0.761905,2.11328,1.3125e-07,1.3625e-07],
[2,30,10,10,0.744186,1.47712,1.34375e-07,1.35937e-07],
[2,30,20,20,0.744186,1.13535,1.34375e-07,1.35714e-07],
[2,30,50,30,0.680851,1,1.46875e-07,1.37109e-07],
[2,30,100,30,0.790698,1,1.34375e-07,1.36806e-07],
[2,30,200,30,0.8,1,1.25e-07,1.35625e-07],
[2,30,500,30,0.785714,1,1.3125e-07,1.35227e-07],
[2,30,1000,30,0.767442,1,1.34375e-07,1.35156e-07],
[2,30,30,30,0.711111,1,1.40625e-07,1.35577e-07],
[3,30,1,1,0.772727,inf,1.375e-07,1.375e-07],
[3,30,2,2,0.756098,4.90689,1.28125e-07,1.32812e-07],
[3,30,3,3,0.75,3.0959,1.25e-07,1.30208e-07],
[3,30,4,4,0.666667,2.45345,1.3125e-07,1.30469e-07],
[3,30,5,5,0.725,2.11328,1.25e-07,1.29375e-07],
[3,30,10,10,0.682927,1.47712,1.28125e-07,1.29167e-07],
[3,30,20,20,0.761905,1.13535,1.3125e-07,1.29464e-07],
[3,30,50,30,0.697674,1,1.34375e-07,1.30078e-07],
[3,30,100,30,0.744186,1,1.34375e-07,1.30556e-07],
[3,30,200,30,0.697674,1,1.34375e-07,1.30938e-07],
[3,30,500,30,0.714286,1,1.3125e-07,1.30966e-07],
[3,30,1000,30,0.697674,1,1.34375e-07,1.3125e-07],
[3,30,30,30,0.688889,1,1.40625e-07,1.31971e-07],
[4,30,1,1,0.745098,inf,1.59375e-07,1.59375e-07],
[4,30,2,2,0.711111,4.90689,1.40625e-07,1.5e-07],
[4,30,3,3,0.680851,3.0959,1.46875e-07,1.48958e-07],
[4,30,4,4,0.731707,2.45345,1.28125e-07,1.4375e-07],
[4,30,5,5,0.673913,2.11328,1.4375e-07,1.4375e-07],
[4,30,10,10,0.653061,1.47712,1.53125e-07,1.45313e-07],
[4,30,20,20,0.744186,1.13535,1.34375e-07,1.4375e-07],
[4,30,50,30,0.717391,1,1.4375e-07,1.4375e-07],
[4,30,100,30,0.813953,1,1.34375e-07,1.42708e-07],
[4,30,200,30,0.785714,1,1.3125e-07,1.41563e-07],
[4,30,500,30,0.75,1,1.375e-07,1.41193e-07],
[4,30,1000,30,0.809524,1,1.3125e-07,1.40365e-07],
[4,30,30,30,0.673913,1,1.4375e-07,1.40625e-07],
[5,30,1,1,0.826087,inf,1.4375e-07,1.4375e-07],
[5,30,2,2,0.681818,4.90689,1.375e-07,1.40625e-07],
[5,30,3,3,0.717391,3.0959,1.4375e-07,1.41667e-07],
[5,30,4,4,0.6875,2.45345,1.5e-07,1.4375e-07],
[5,30,5,5,0.695652,2.11328,1.4375e-07,1.4375e-07],
[5,30,10,10,0.690476,1.47712,1.3125e-07,1.41667e-07],
[5,30,20,20,0.767442,1.13535,1.34375e-07,1.40625e-07],
[5,30,50,30,0.666667,1,1.5e-07,1.41797e-07],
[5,30,100,30,0.738095,1,1.3125e-07,1.40625e-07],
[5,30,200,30,0.64,1,1.5625e-07,1.42188e-07],
[5,30,500,30,0.711111,1,1.40625e-07,1.42045e-07],
[5,30,1000,30,0.761905,1,1.3125e-07,1.41146e-07],
[5,30,30,30,0.652174,1,1.4375e-07,1.41346e-07],
[6,30,1,1,0.755102,inf,1.53125e-07,1.53125e-07],
[6,30,2,2,0.711111,4.90689,1.40625e-07,1.46875e-07],
[6,30,3,3,0.809524,3.0959,1.3125e-07,1.41667e-07],
[6,30,4,4,0.761905,2.45345,1.3125e-07,1.39063e-07],
[6,30,5,5,0.761905,2.11328,1.3125e-07,1.375e-07],
[6,30,10,10,0.659091,1.47712,1.375e-07,1.375e-07],
[6,30,20,20,0.653061,1.13535,1.53125e-07,1.39732e-07],
[6,30,50,30,0.666667,1,1.40625e-07,1.39844e-07],
[6,30,100,30,0.825,1,1.25e-07,1.38194e-07],
[6,30,200,30,0.717391,1,1.4375e-07,1.3875e-07],
[6,30,500,30,0.711111,1,1.40625e-07,1.3892e-07],
[6,30,1000,30,0.738095,1,1.3125e-07,1.38281e-07],
[6,30,30,30,0.756098,1,1.28125e-07,1.375e-07],
[7,30,1,1,0.777778,inf,1.40625e-07,1.40625e-07],
[7,30,2,2,0.717391,4.90689,1.4375e-07,1.42188e-07],
[7,30,3,3,0.711111,3.0959,1.40625e-07,1.41667e-07],
[7,30,4,4,0.767442,2.45345,1.34375e-07,1.39844e-07],
[7,30,5,5,0.727273,2.11328,1.375e-07,1.39375e-07],
[7,30,10,10,0.767442,1.47712,1.34375e-07,1.38542e-07],
[7,30,20,20,0.785714,1.13535,1.3125e-07,1.375e-07],
[7,30,50,30,0.738095,1,1.3125e-07,1.36719e-07],
[7,30,100,30,0.738095,1,1.3125e-07,1.36111e-07],
[7,30,200,30,0.742857,1,2.1875e-07,1.44375e-07],
[7,30,500,30,0.717391,1,1.4375e-07,1.44318e-07],
[7,30,1000,30,0.680851,1,1.46875e-07,1.44531e-07],
[7,30,30,30,0.659574,1,1.46875e-07,1.44712e-07],
[8,30,1,1,0.729167,inf,1.5e-07,1.5e-07],
[8,30,2,2,0.727273,4.90689,1.375e-07,1.4375e-07],
[8,30,3,3,0.681818,3.0959,1.375e-07,1.41667e-07],
[8,30,4,4,0.72093,2.45345,1.34375e-07,1.39844e-07],
[8,30,5,5,0.673913,2.11328,1.4375e-07,1.40625e-07],
[8,30,10,10,0.72093,1.47712,1.34375e-07,1.39583e-07],
[8,30,20,20,0.804878,1.13535,1.28125e-07,1.37946e-07],
[8,30,50,30,0.697674,1,1.34375e-07,1.375e-07],
[8,30,100,30,0.780488,1,1.28125e-07,1.36458e-07],
[8,30,200,30,0.702128,1,1.46875e-07,1.375e-07],
[8,30,500,30,0.761905,1,1.3125e-07,1.36932e-07],
[8,30,1000,30,0.8,1,1.25e-07,1.35937e-07],
[8,30,30,30,0.744186,1,1.34375e-07,1.35817e-07],
[9,30,1,1,0.790698,inf,1.34375e-07,1.34375e-07],
[9,30,2,2,0.682927,4.90689,1.28125e-07,1.3125e-07],
[9,30,3,3,0.642857,3.0959,1.3125e-07,1.3125e-07],
[9,30,4,4,0.723404,2.45345,1.46875e-07,1.35156e-07],
[9,30,5,5,0.707317,2.11328,1.28125e-07,1.3375e-07],
[9,30,10,10,0.717949,1.47712,1.21875e-07,1.31771e-07],
[9,30,20,20,0.868421,1.13535,1.1875e-07,1.29911e-07],
[9,30,50,30,0.777778,1,1.125e-07,1.27734e-07],
[9,30,100,30,0.789474,1,1.1875e-07,1.26736e-07],
[9,30,200,30,0.651163,1,1.34375e-07,1.275e-07],
[9,30,500,30,0.733333,1,1.40625e-07,1.28693e-07],
[9,30,1000,30,0.710526,1,1.1875e-07,1.27865e-07],
[9,30,30,30,0.756098,1,1.28125e-07,1.27885e-07],
[10,30,1,1,0.813953,inf,1.34375e-07,1.34375e-07],
[10,30,2,2,0.780488,4.90689,1.28125e-07,1.3125e-07],
[10,30,3,3,0.690476,3.0959,1.3125e-07,1.3125e-07],
[10,30,4,4,0.682927,2.45345,1.28125e-07,1.30469e-07],
[10,30,5,5,0.75,2.11328,1.25e-07,1.29375e-07],
[10,30,10,10,0.7,1.47712,1.25e-07,1.28646e-07],
[10,30,20,20,0.725,1.13535,1.25e-07,1.28125e-07],
[10,30,50,30,0.72093,1,1.34375e-07,1.28906e-07],
[10,30,100,30,0.639344,1,1.90625e-07,1.35764e-07],
[10,30,200,30,0.731707,1,1.28125e-07,1.35e-07],
[10,30,500,30,0.795918,1,1.53125e-07,1.36648e-07],
[10,30,1000,30,0.697674,1,1.34375e-07,1.36458e-07],
[10,30,30,30,0.738095,1,1.3125e-07,1.36058e-07],
[11,30,1,1,0.72,inf,1.5625e-07,1.5625e-07],
[11,30,2,2,0.714286,4.90689,1.3125e-07,1.4375e-07],
[11,30,3,3,0.731707,3.0959,1.28125e-07,1.38542e-07],
[11,30,4,4,0.581395,2.45345,1.34375e-07,1.375e-07],
[11,30,5,5,0.630435,2.11328,1.4375e-07,1.3875e-07],
[11,30,10,10,0.697674,1.47712,1.34375e-07,1.38021e-07],
[11,30,20,20,0.642857,1.13535,1.3125e-07,1.37054e-07],
[11,30,50,30,0.674419,1,1.34375e-07,1.36719e-07],
[11,30,100,30,0.659091,1,1.375e-07,1.36806e-07],
[11,30,200,30,0.681818,1,1.375e-07,1.36875e-07],
[11,30,500,30,0.630435,1,1.4375e-07,1.375e-07],
[11,30,1000,30,0.673913,1,1.4375e-07,1.38021e-07],
[11,30,30,30,0.659091,1,1.375e-07,1.37981e-07],
[0,300,1,1,3.98919,inf,5.78125e-07,5.78125e-07],
[0,300,2,2,1.92138,8.22882,9.9375e-07,7.85938e-07],
[0,300,3,3,1.89286,5.19181,9.625e-07,8.44792e-07],
[0,300,4,4,1.45161,4.11441,1.25938e-06,9.48438e-07],
[0,300,5,5,1.88203,3.54396,1.72188e-06,1.10313e-06],
[0,300,10,10,1.07257,2.47712,1.76563e-06,1.21354e-06],
[0,300,20,20,0.99341,1.90397,1.89688e-06,1.31116e-06],
[0,300,50,50,0.993421,1.45801,1.9e-06,1.38477e-06],
[0,300,100,100,1.00666,1.23856,1.87813e-06,1.43958e-06],
[0,300,200,200,0.969551,1.07653,1.95e-06,1.49063e-06],
[0,300,500,300,0.950558,1,1.95938e-06,1.53324e-06],
[0,300,1000,300,0.959807,1,1.94375e-06,1.56745e-06],
[0,300,300,300,1.00337,1,1.85625e-06,1.58966e-06],
[1,300,1,1,2.85542,inf,7.78125e-07,7.78125e-07],
[1,300,2,2,2.60684,8.22882,7.3125e-07,7.54688e-07],
[1,300,3,3,1.63298,5.19181,1.175e-06,8.94792e-07],
[1,300,4,4,1.53,4.11441,1.25e-06,9.83594e-07],
[1,300,5,5,1.48537,3.54396,1.28125e-06,1.04312e-06],
[1,300,10,10,1.15918,2.47712,1.66875e-06,1.1474e-06],
[1,300,20,20,1.04957,1.90397,1.82813e-06,1.24464e-06],
[1,300,50,50,1.0099,1.45801,1.89375e-06,1.32578e-06],
[1,300,100,100,1.02852,1.23856,1.8625e-06,1.38542e-06],
[1,300,200,200,0.998366,1.07653,1.9125e-06,1.43813e-06],
[1,300,500,300,1.07473,1,2.3e-06,1.51648e-06],
[1,300,1000,300,1.24712,1,1.89688e-06,1.54818e-06],
[1,300,300,300,1.03529,1,1.85938e-06,1.57212e-06],
[2,300,1,1,3.72251,inf,5.96875e-07,5.96875e-07],
[2,300,2,2,2.04967,8.22882,9.4375e-07,7.70313e-07],
[2,300,3,3,1.99355,5.19181,9.6875e-07,8.36458e-07],
[2,300,4,4,1.59948,4.11441,1.20938e-06,9.29688e-07],
[2,300,5,5,1.53202,3.54396,1.26875e-06,9.975e-07],
[2,300,10,10,1.20158,2.47712,1.58125e-06,1.09479e-06],
[2,300,20,20,1.05245,1.90397,1.84688e-06,1.20223e-06],
[2,300,50,50,1.03454,1.45801,1.9e-06,1.28945e-06],
[2,300,100,100,1.03565,1.23856,1.84063e-06,1.35069e-06],
[2,300,200,200,1.02662,1.07653,1.87813e-06,1.40344e-06],
[2,300,500,300,1.03367,1,1.85625e-06,1.4446e-06],
[2,300,1000,300,1.04281,1,1.825e-06,1.4763e-06],
[2,300,300,300,1.04075,1,1.84063e-06,1.50433e-06],
[3,300,1,1,3.15625,inf,7e-07,7e-07],
[3,300,2,2,2.49794,8.22882,7.59375e-07,7.29688e-07],
[3,300,3,3,1.68785,5.19181,1.13125e-06,8.63542e-07],
[3,300,4,4,1.59539,4.11441,1.49063e-06,1.02031e-06],
[3,300,5,5,1.46247,3.54396,1.29063e-06,1.07437e-06],
[3,300,10,10,1.07914,2.47712,1.7375e-06,1.1849e-06],
[3,300,20,20,1.02586,1.90397,1.8125e-06,1.27455e-06],
[3,300,50,50,1.01701,1.45801,1.8375e-06,1.34492e-06],
[3,300,100,100,0.991625,1.23856,1.86563e-06,1.40278e-06],
[3,300,200,200,0.990017,1.07653,1.87813e-06,1.45031e-06],
[3,300,500,300,0.983498,1,1.89375e-06,1.49063e-06],
[3,300,1000,300,1.02872,1,1.85e-06,1.52057e-06],
[3,300,300,300,1.02234,1,1.81875e-06,1.54351e-06],
[4,300,1,1,2.03736,inf,1.0875e-06,1.0875e-06],
[4,300,2,2,2.14983,8.22882,8.96875e-07,9.92187e-07],
[4,300,3,3,1.69252,5.19181,1.12813e-06,1.0375e-06],
[4,300,4,4,1.41475,4.11441,1.35625e-06,1.11719e-06],
[4,300,5,5,1.49389,3.54396,1.27813e-06,1.14938e-06],
[4,300,10,10,1.16475,2.47712,1.63125e-06,1.22969e-06],
[4,300,20,20,0.920896,1.90397,2.09375e-06,1.35313e-06],
[4,300,50,50,0.946875,1.45801,2e-06,1.43398e-06],
[4,300,100,100,0.953052,1.23856,1.99688e-06,1.49653e-06],
[4,300,200,200,0.953515,1.07653,2.75625e-06,1.6225e-06],
[4,300,500,300,0.972263,1,2.14062e-06,1.6696e-06],
[4,300,1000,300,0.927515,1,2.1125e-06,1.70651e-06],
[4,300,300,300,0.957704,1,2.06875e-06,1.73438e-06],
[5,300,1,1,2.22611,inf,9.8125e-07,9.8125e-07],
[5,300,2,2,1.9931,8.22882,9.0625e-07,9.4375e-07],
[5,300,3,3,1.82595,5.19181,9.875e-07,9.58333e-07],
[5,300,4,4,1.40291,4.11441,1.2875e-06,1.04063e-06],
[5,300,5,5,1.37381,3.54396,1.3125e-06,1.095e-06],
[5,300,10,10,1.04107,2.47712,1.75e-06,1.20417e-06],
[5,300,20,20,0.902973,1.90397,1.99688e-06,1.31741e-06],
[5,300,50,50,0.917722,1.45801,1.975e-06,1.39961e-06],
[5,300,100,100,0.902973,1.23856,1.99688e-06,1.46597e-06],
[5,300,200,200,0.907087,1.07653,1.98437e-06,1.51781e-06],
[5,300,500,300,0.901869,1,2.00625e-06,1.56222e-06],
[5,300,1000,300,0.908517,1,1.98125e-06,1.59714e-06],
[5,300,300,300,0.938111,1,1.91875e-06,1.62188e-06],
[6,300,1,1,3.58,inf,6.25e-07,6.25e-07],
[6,300,2,2,2.28839,8.22882,8.34375e-07,7.29688e-07],
[6,300,3,3,2.04682,5.19181,9.34375e-07,7.97917e-07],
[6,300,4,4,1.81791,4.11441,1.04688e-06,8.60156e-07],
[6,300,5,5,1.77208,3.54396,1.09687e-06,9.075e-07],
[6,300,10,10,1.26653,2.47712,1.5125e-06,1.00833e-06],
[6,300,20,20,1.11797,1.90397,1.72188e-06,1.11027e-06],
[6,300,50,50,1.13915,1.45801,1.68438e-06,1.18203e-06],
[6,300,100,100,1.11293,1.23856,1.71563e-06,1.24132e-06],
[6,300,200,200,1.0973,1.07653,1.73438e-06,1.29063e-06],
[6,300,500,300,1.08348,1,1.75938e-06,1.33324e-06],
[6,300,1000,300,1.12546,1,1.69375e-06,1.36328e-06],
[6,300,300,300,1.12431,1,1.70938e-06,1.3899e-06],
[7,300,1,1,3.87571,inf,5.53125e-07,5.53125e-07],
[7,300,2,2,2.19101,8.22882,8.34375e-07,6.9375e-07],
[7,300,3,3,1.81288,5.19181,1.01875e-06,8.02083e-07],
[7,300,4,4,1.5788,4.11441,1.15e-06,8.89063e-07],
[7,300,5,5,1.3662,3.54396,1.33125e-06,9.775e-07],
[7,300,10,10,1.24,2.47712,1.48438e-06,1.06198e-06],
[7,300,20,20,1.01554,1.90397,1.80938e-06,1.16875e-06],
[7,300,50,50,1.01565,1.45801,1.79688e-06,1.24727e-06],
[7,300,100,100,1.01029,1.23856,1.82188e-06,1.31111e-06],
[7,300,200,200,1.01568,1.07653,1.79375e-06,1.35938e-06],
[7,300,500,300,1.01736,1,1.8e-06,1.39943e-06],
[7,300,1000,300,1.01384,1,1.80625e-06,1.43333e-06],
[7,300,300,300,1.0318,1,1.76875e-06,1.45913e-06],
[8,300,1,1,3.20276,inf,6.78125e-07,6.78125e-07],
[8,300,2,2,2.2973,8.22882,8.09375e-07,7.4375e-07],
[8,300,3,3,1.60598,5.19181,1.15e-06,8.79167e-07],
[8,300,4,4,1.61333,4.11441,1.17188e-06,9.52344e-07],
[8,300,5,5,0.817341,3.54396,2.70313e-06,1.3025e-06],
[8,300,10,10,1.25502,2.47712,1.55625e-06,1.34479e-06],
[8,300,20,20,1.09141,1.90397,1.70938e-06,1.39688e-06],
[8,300,50,50,1.06272,1.45801,1.79375e-06,1.44648e-06],
[8,300,100,100,1.07092,1.23856,1.7625e-06,1.4816e-06],
[8,300,200,200,1.0805,1.07653,1.74688e-06,1.50813e-06],
[8,300,500,300,1.00331,1,1.8875e-06,1.54261e-06],
[8,300,1000,300,1.06977,1,1.74688e-06,1.55964e-06],
[8,300,300,300,1.14781,1,1.7125e-06,1.57139e-06],
[9,300,1,1,2.9759,inf,7.78125e-07,7.78125e-07],
[9,300,2,2,2.87387,8.22882,6.9375e-07,7.35938e-07],
[9,300,3,3,1.94225,5.19181,1.02813e-06,8.33333e-07],
[9,300,4,4,1.50351,4.11441,1.33438e-06,9.58594e-07],
[9,300,5,5,1.95732,3.54396,1.025e-06,9.71875e-07],
[9,300,10,10,1.08489,2.47712,1.84063e-06,1.11667e-06],
[9,300,20,20,1.05446,1.90397,1.89375e-06,1.22768e-06],
[9,300,50,50,1.03828,1.45801,1.95938e-06,1.31914e-06],
[9,300,100,100,1.01104,1.23856,1.98125e-06,1.39271e-06],
[9,300,200,200,1.07705,1.07653,1.86563e-06,1.44e-06],
[9,300,500,300,1.05041,1,1.92188e-06,1.48381e-06],
[9,300,1000,300,1.05705,1,1.8625e-06,1.51536e-06],
[9,300,300,300,1.06768,1,1.84688e-06,1.54087e-06],
[10,300,1,1,2.55853,inf,9.34375e-07,9.34375e-07],
[10,300,2,2,2.08882,8.22882,9.5e-07,9.42188e-07],
[10,300,3,3,1.45553,5.19181,1.44063e-06,1.10833e-06],
[10,300,4,4,1.49176,4.11441,1.32813e-06,1.16328e-06],
[10,300,5,5,1.50118,3.54396,1.32188e-06,1.195e-06],
[10,300,10,10,1.05057,2.47712,1.91562e-06,1.3151e-06],
[10,300,20,20,0.982998,1.90397,2.02188e-06,1.41607e-06],
[10,300,50,50,0.981366,1.45801,2.0125e-06,1.49063e-06],
[10,300,100,100,0.970948,1.23856,2.04375e-06,1.55208e-06],
[10,300,200,200,0.973765,1.07653,2.025e-06,1.59937e-06],
[10,300,500,300,0.935766,1,2.14062e-06,1.64858e-06],
[10,300,1000,300,0.989062,1,2e-06,1.67786e-06],
[10,300,300,300,0.977556,1,2.50625e-06,1.74159e-06],
[11,300,1,1,3.16744,inf,6.71875e-07,6.71875e-07],
[11,300,2,2,1.87129,8.22882,9.46875e-07,8.09375e-07],
[11,300,3,3,1.80317,5.19181,9.84375e-07,8.67708e-07],
[11,300,4,4,1.5838,4.11441,1.11875e-06,9.30469e-07],
[11,300,5,5,1.46753,3.54396,1.20313e-06,9.85e-07],
[11,300,10,10,1.03846,2.47712,1.70625e-06,1.10521e-06],
[11,300,20,20,0.982699,1.90397,1.80625e-06,1.20536e-06],
[11,300,50,50,0.972696,1.45801,1.83125e-06,1.28359e-06],
[11,300,100,100,0.954545,1.23856,1.85625e-06,1.34722e-06],
[11,300,200,200,0.958124,1.07653,1.86563e-06,1.39906e-06],
[11,300,500,300,0.946309,1,1.8625e-06,1.44119e-06],
[11,300,1000,300,1.02641,1,1.775e-06,1.46901e-06],
[11,300,300,300,0.982818,1,1.81875e-06,1.49591e-06],
[0,3000,1,1,5.94932,inf,1.665e-05,1.665e-05],
[0,3000,2,2,4.37854,11.5507,2.14313e-05,1.90406e-05],
[0,3000,3,3,3.28636,7.28771,2.78063e-05,2.19625e-05],
[0,3000,4,4,2.58588,5.77537,3.47875e-05,2.51688e-05],
[0,3000,5,5,2.60257,4.97464,3.45813e-05,2.70513e-05],
[0,3000,10,10,2.05353,3.47712,4.91563e-05,3.07354e-05],
[0,3000,20,20,1.68974,2.67259,6.19437e-05,3.51938e-05],
[0,3000,50,50,1.35782,2.04661,7.75188e-05,4.04844e-05],
[0,3000,100,100,1.17363,1.73856,9.02438e-05,4.60132e-05],
[0,3000,200,200,1.12416,1.51112,9.3375e-05,5.07494e-05],
[0,3000,500,500,1.10111,1.28831,9.28438e-05,5.45761e-05],
[0,3000,1000,1000,1.08772,1.15904,9.4475e-05,5.7901e-05],
[0,3000,3000,3000,1.05453,1,9.42125e-05,6.06942e-05],
[1,3000,1,1,4.57513,inf,2.29188e-05,2.29188e-05],
[1,3000,2,2,4.39041,11.5507,2.30688e-05,2.29937e-05],
[1,3000,3,3,3.17851,7.28771,2.955e-05,2.51792e-05],
[1,3000,4,4,2.91537,5.77537,3.13125e-05,2.67125e-05],
[1,3000,5,5,2.42874,4.97464,3.68375e-05,2.87375e-05],
[1,3000,10,10,1.83477,3.47712,4.87188e-05,3.20677e-05],
[1,3000,20,20,1.55221,2.67259,5.79375e-05,3.57634e-05],
[1,3000,50,50,1.36784,2.04661,7.66125e-05,4.08695e-05],
[1,3000,100,100,1.16654,1.73856,8.75563e-05,4.60569e-05],
[1,3000,200,200,1.09733,1.51112,9.1825e-05,5.06337e-05],
[1,3000,500,500,1.06821,1.28831,9.365e-05,5.45443e-05],
[1,3000,1000,1000,1.09696,1.15904,9.34625e-05,5.77875e-05],
[1,3000,3000,3000,1.0574,1,9.47375e-05,6.06298e-05],
[2,3000,1,1,5.17007,inf,1.99187e-05,1.99187e-05],
[2,3000,2,2,3.65125,11.5507,2.75625e-05,2.37406e-05],
[2,3000,3,3,2.94638,7.28771,3.39188e-05,2.71333e-05],
[2,3000,4,4,2.78582,5.77537,3.5425e-05,2.92063e-05],
[2,3000,5,5,2.50175,4.97464,3.92875e-05,3.12225e-05],
[2,3000,10,10,2.16705,3.47712,4.31e-05,3.32021e-05],
[2,3000,20,20,1.60728,2.67259,5.85188e-05,3.68188e-05],
[2,3000,50,50,1.3374,2.04661,7.48563e-05,4.15734e-05],
[2,3000,100,100,1.17574,1.73856,8.43938e-05,4.63313e-05],
[2,3000,200,200,1.09308,1.51112,8.89e-05,5.05881e-05],
[2,3000,500,500,1.06345,1.28831,9.12188e-05,5.42818e-05],
[2,3000,1000,1000,1.06863,1.15904,9.0975e-05,5.73396e-05],
[2,3000,3000,3000,1.03732,1,9.34438e-05,6.01168e-05],
[3,3000,1,1,4.9395,inf,2.06625e-05,2.06625e-05],
[3,3000,2,2,3.53813,11.5507,2.72938e-05,2.39781e-05],
[3,3000,3,3,2.78903,7.28771,3.30312e-05,2.69958e-05],
[3,3000,4,4,3.0711,5.77537,2.9625e-05,2.76531e-05],
[3,3000,5,5,2.62486,4.97464,3.42875e-05,2.898e-05],
[3,3000,10,10,2.07155,3.47712,4.48125e-05,3.16187e-05],
[3,3000,20,20,1.61428,2.67259,6.02438e-05,3.5708e-05],
[3,3000,50,50,1.31135,2.04661,7.26063e-05,4.03203e-05],
[3,3000,100,100,1.13473,1.73856,8.36375e-05,4.51333e-05],
[3,3000,200,200,1.13967,1.51112,9.24938e-05,4.98694e-05],
[3,3000,500,500,1.11394,1.28831,9.06188e-05,5.35739e-05],
[3,3000,1000,1000,1.10797,1.15904,9.31938e-05,5.68755e-05],
[3,3000,3000,3000,1.09918,1,9.37688e-05,5.97135e-05],
[4,3000,1,1,5.64423,inf,1.755e-05,1.755e-05],
[4,3000,2,2,4.95412,11.5507,1.88e-05,1.8175e-05],
[4,3000,3,3,3.31524,7.28771,2.82125e-05,2.15208e-05],
[4,3000,4,4,2.59717,5.77537,3.57937e-05,2.50891e-05],
[4,3000,5,5,2.74433,4.97464,3.33438e-05,2.674e-05],
[4,3000,10,10,2.22173,3.47712,4.4875e-05,2.97625e-05],
[4,3000,20,20,1.72827,2.67259,5.48563e-05,3.33473e-05],
[4,3000,50,50,1.32308,2.04661,7.13438e-05,3.80969e-05],
[4,3000,100,100,1.15651,1.73856,8.24625e-05,4.30264e-05],
[4,3000,200,200,1.11259,1.51112,9.0425e-05,4.77662e-05],
[4,3000,500,500,1.10788,1.28831,9.03188e-05,5.16347e-05],
[4,3000,1000,1000,1.1021,1.15904,9.26813e-05,5.50552e-05],
[4,3000,3000,3000,1.08242,1,9.3875e-05,5.80413e-05],
[5,3000,1,1,5.59654,inf,1.845e-05,1.845e-05],
[5,3000,2,2,3.93772,11.5507,2.35813e-05,2.10156e-05],
[5,3000,3,3,2.95197,7.28771,3.07125e-05,2.42479e-05],
[5,3000,4,4,2.59512,5.77537,3.50875e-05,2.69578e-05],
[5,3000,5,5,2.52376,4.97464,3.93188e-05,2.943e-05],
[5,3000,10,10,2.08535,3.47712,4.60625e-05,3.22021e-05],
[5,3000,20,20,1.6238,2.67259,5.86625e-05,3.59821e-05],
[5,3000,50,50,1.28854,2.04661,7.54e-05,4.09094e-05],
[5,3000,100,100,1.19878,1.73856,8.81625e-05,4.61597e-05],
[5,3000,200,200,1.13694,1.51112,8.95e-05,5.04937e-05],
[5,3000,500,500,1.11202,1.28831,9.1e-05,5.41761e-05],
[5,3000,1000,1000,1.10998,1.15904,9.28e-05,5.73948e-05],
[5,3000,3000,3000,1.08596,1,9.38688e-05,6.02005e-05],
[6,3000,1,1,5.07234,inf,2.00438e-05,2.00438e-05],
[6,3000,2,2,4.18444,11.5507,2.23313e-05,2.11875e-05],
[6,3000,3,3,2.90474,7.28771,3.1625e-05,2.46667e-05],
[6,3000,4,4,2.67713,5.77537,3.345e-05,2.68625e-05],
[6,3000,5,5,2.57717,4.97464,3.8875e-05,2.9265e-05],
[6,3000,10,10,1.97882,3.47712,4.86875e-05,3.25021e-05],
[6,3000,20,20,1.67485,2.67259,5.62438e-05,3.58938e-05],
[6,3000,50,50,1.26967,2.04661,7.31687e-05,4.05531e-05],
[6,3000,100,100,1.08816,1.73856,8.62063e-05,4.56257e-05],
[6,3000,200,200,1.06767,1.51112,9.34688e-05,5.041e-05],
[6,3000,500,500,1.0806,1.28831,9.54563e-05,5.45051e-05],
[6,3000,1000,1000,1.07679,1.15904,9.37563e-05,5.7776e-05],
[6,3000,3000,3000,1.06512,1,9.43437e-05,6.05889e-05],
[7,3000,1,1,6.16763,inf,1.61437e-05,1.61437e-05],
[7,3000,2,2,4.04943,11.5507,2.31375e-05,1.96406e-05],
[7,3000,3,3,2.98007,7.28771,3.10437e-05,2.34417e-05],
[7,3000,4,4,2.57248,5.77537,3.6475e-05,2.67e-05],
[7,3000,5,5,2.50769,4.97464,4.0625e-05,2.9485e-05],
[7,3000,10,10,2.02248,3.47712,4.64375e-05,3.23104e-05],
[7,3000,20,20,1.54105,2.67259,5.99063e-05,3.62527e-05],
[7,3000,50,50,1.30037,2.04661,7.82375e-05,4.15008e-05],
[7,3000,100,100,1.12705,1.73856,8.91375e-05,4.67938e-05],
[7,3000,200,200,1.08208,1.51112,9.31313e-05,5.14275e-05],
[7,3000,500,500,1.02761,1.28831,0.000105475,5.63409e-05],
[7,3000,1000,1000,1.03435,1.15904,0.000100994,6.0062e-05],
[7,3000,3000,3000,1.03599,1,9.795e-05,6.29764e-05],
[8,3000,1,1,7.77189,inf,1.32063e-05,1.32063e-05],
[8,3000,2,2,4.27244,11.5507,2.20688e-05,1.76375e-05],
[8,3000,3,3,2.6677,7.28771,3.63375e-05,2.38708e-05],
[8,3000,4,4,2.38943,5.77537,4.05562e-05,2.80422e-05],
[8,3000,5,5,2.56421,4.97464,3.71313e-05,2.986e-05],
[8,3000,10,10,2.11867,3.47712,4.81375e-05,3.29063e-05],
[8,3000,20,20,1.6962,2.67259,5.97438e-05,3.67402e-05],
[8,3000,50,50,1.30708,2.04661,7.555e-05,4.15914e-05],
[8,3000,100,100,1.15594,1.73856,8.9375e-05,4.69007e-05],
[8,3000,200,200,1.11753,1.51112,9.37e-05,5.15806e-05],
[8,3000,500,500,1.07041,1.28831,9.7375e-05,5.57438e-05],
[8,3000,1000,1000,1.06238,1.15904,9.55875e-05,5.90641e-05],
[8,3000,3000,3000,1.05276,1,9.465e-05,6.18014e-05],
[9,3000,1,1,8.15232,inf,1.26375e-05,1.26375e-05],
[9,3000,2,2,3.18129,11.5507,2.87875e-05,2.07125e-05],
[9,3000,3,3,2.9936,7.28771,2.9275e-05,2.35667e-05],
[9,3000,4,4,2.76909,5.77537,3.64313e-05,2.67828e-05],
[9,3000,5,5,2.64668,4.97464,3.52375e-05,2.84738e-05],
[9,3000,10,10,1.98095,3.47712,4.82313e-05,3.17667e-05],
[9,3000,20,20,1.58766,2.67259,6.2525e-05,3.61607e-05],
[9,3000,50,50,1.35329,2.04661,7.48313e-05,4.09945e-05],
[9,3000,100,100,1.15438,1.73856,8.6475e-05,4.60479e-05],
[9,3000,200,200,1.0442,1.51112,9.7e-05,5.11431e-05],
[9,3000,500,500,1.06026,1.28831,9.61438e-05,5.52341e-05],
[9,3000,1000,1000,1.0497,1.15904,9.41813e-05,5.84797e-05],
[9,3000,3000,3000,1.08502,1,9.61563e-05,6.13779e-05],
[10,3000,1,1,5.50318,inf,1.86563e-05,1.86563e-05],
[10,3000,2,2,3.78242,11.5507,2.55938e-05,2.2125e-05],
[10,3000,3,3,3.27261,7.28771,2.97125e-05,2.46542e-05],
[10,3000,4,4,2.35751,5.77537,4.61e-05,3.00156e-05],
[10,3000,5,5,2.84588,4.97464,3.69438e-05,3.14012e-05],
[10,3000,10,10,1.9381,3.47712,5.03875e-05,3.45656e-05],
[10,3000,20,20,1.70389,2.67259,6.29625e-05,3.86223e-05],
[10,3000,50,50,1.30272,2.04661,7.98375e-05,4.37742e-05],
[10,3000,100,100,1.12077,1.73856,9.06688e-05,4.89847e-05],
[10,3000,200,200,1.04637,1.51112,0.00010675,5.47613e-05],
[10,3000,500,500,1.07123,1.28831,0.000101869,5.90438e-05],
[10,3000,1000,1000,1.07852,1.15904,0.000104194,6.28062e-05],
[10,3000,3000,3000,1.06774,1,0.000102963,6.58952e-05],
[11,3000,1,1,6.52052,inf,1.675e-05,1.675e-05],
[11,3000,2,2,3.13058,11.5507,3.49875e-05,2.58688e-05],
[11,3000,3,3,3.34722,7.28771,3.20938e-05,2.79438e-05],
[11,3000,4,4,2.87747,5.77537,3.75938e-05,3.03563e-05],
[11,3000,5,5,2.67277,4.97464,3.88875e-05,3.20625e-05],
[11,3000,10,10,2.00523,3.47712,5.1425e-05,3.52896e-05],
[11,3000,20,20,1.6888,2.67259,6.02313e-05,3.88527e-05],
[11,3000,50,50,1.33926,2.04661,7.84438e-05,4.38016e-05],
[11,3000,100,100,1.19507,1.73856,9.18562e-05,4.9141e-05],
[11,3000,200,200,1.13445,1.51112,9.5525e-05,5.37794e-05],
[11,3000,500,500,1.11408,1.28831,9.68625e-05,5.7696e-05],
[11,3000,1000,1000,1.10055,1.15904,9.65937e-05,6.09375e-05],
[11,3000,3000,3000,1.08353,1,0.000100713,6.39971e-05],
[0,30000,1,1,6.81566,inf,0.000221463,0.000221463],
[0,30000,2,2,5.01088,14.8727,0.000304463,0.000262963],
[0,30000,3,3,3.72191,9.38361,0.000409888,0.000311937],
[0,30000,4,4,3.51317,7.43634,0.000424788,0.00034015],
[0,30000,5,5,3.5013,6.40531,0.000428788,0.000357877],
[0,30000,10,10,2.75863,4.47712,0.000545488,0.000389146],
[0,30000,20,20,2.32691,3.44121,0.000645588,0.00042578],
[0,30000,50,50,1.92802,2.6352,0.0007608,0.000467658],
[0,30000,100,100,1.7233,2.23856,0.000843375,0.000509404],
[0,30000,200,200,1.50311,1.9457,0.000971675,0.000555631],
[0,30000,500,500,1.28481,1.65883,0.00113734,0.000608514],
[0,30000,1000,1000,1.13736,1.49237,0.00126193,0.000662965],
[0,30000,30000,30000,1.06423,1,0.00134278,0.000715258],
[1,30000,1,1,6.11037,inf,0.00024055,0.00024055],
[1,30000,2,2,4.73676,14.8727,0.0003011,0.000270825],
[1,30000,3,3,4.33141,9.38361,0.00033655,0.000292733],
[1,30000,4,4,4.14011,7.43634,0.000352325,0.000307631],
[1,30000,5,5,3.39756,6.40531,0.0004371,0.000333525],
[1,30000,10,10,2.71931,4.47712,0.000538625,0.000367708],
[1,30000,20,20,2.29763,3.44121,0.000633875,0.000405732],
[1,30000,50,50,1.92804,2.6352,0.000764488,0.000450577],
[1,30000,100,100,1.69427,2.23856,0.000888938,0.000499283],
[1,30000,200,200,1.47481,1.9457,0.0010296,0.000552315],
[1,30000,500,500,1.27514,1.65883,0.00121324,0.000612399],
[1,30000,1000,1000,1.14946,1.49237,0.00133315,0.000672461],
[1,30000,30000,30000,1.07275,1,0.00134561,0.000724242],
[2,30000,1,1,8.22866,inf,0.000180013,0.000180013],
[2,30000,2,2,6.08738,14.8727,0.000243625,0.000211819],
[2,30000,3,3,4.2822,9.38361,0.000349313,0.00025765],
[2,30000,4,4,3.47519,7.43634,0.000422513,0.000298866],
[2,30000,5,5,3.75427,6.40531,0.000388337,0.00031676],
[2,30000,10,10,2.67997,4.47712,0.000545338,0.000354856],
[2,30000,20,20,2.40214,3.44121,0.000605975,0.00039073],
[2,30000,50,50,2.00225,2.6352,0.000722788,0.000432238],
[2,30000,100,100,1.70252,2.23856,0.00084505,0.000478106],
[2,30000,200,200,1.51968,1.9457,0.000956863,0.000525981],
[2,30000,500,500,1.29168,1.65883,0.00112254,0.000580214],
[2,30000,1000,1000,1.15,1.49237,0.00123731,0.000634972],
[2,30000,30000,30000,1.08356,1,0.00132743,0.000688238],
[3,30000,1,1,7.16008,inf,0.00020045,0.00020045],
[3,30000,2,2,5.4828,14.8727,0.00025795,0.0002292],
[3,30000,3,3,4.35832,9.38361,0.00033155,0.000263317],
[3,30000,4,4,3.52926,7.43634,0.00040845,0.0002996],
[3,30000,5,5,3.60294,6.40531,0.000399275,0.000319535],
[3,30000,10,10,3.06398,4.47712,0.000470638,0.000344719],
[3,30000,20,20,2.3569,3.44121,0.000616387,0.000383529],
[3,30000,50,50,1.92724,2.6352,0.000748725,0.000429178],
[3,30000,100,100,1.77453,2.23856,0.000826725,0.00047335],
[3,30000,200,200,1.54811,1.9457,0.000939063,0.000519921],
[3,30000,500,500,1.33152,1.65883,0.0011106,0.000573619],
[3,30000,1000,1000,1.18965,1.49237,0.00121931,0.000627427],
[3,30000,30000,30000,1.08916,1,0.00133279,0.000681686],
[4,30000,1,1,6.39569,inf,0.000224513,0.000224513],
[4,30000,2,2,6.23439,14.8727,0.000233163,0.000228838],
[4,30000,3,3,4.11017,9.38361,0.000349463,0.000269046],
[4,30000,4,4,3.78345,7.43634,0.000378025,0.000296291],
[4,30000,5,5,3.45789,6.40531,0.000435175,0.000324068],
[4,30000,10,10,2.73508,4.47712,0.000566388,0.000364454],
[4,30000,20,20,2.38672,3.44121,0.000644913,0.00040452],
[4,30000,50,50,1.96446,2.6352,0.000773388,0.000450628],
[4,30000,100,100,1.71598,2.23856,0.0008531,0.000495347],
[4,30000,200,200,1.49929,1.9457,0.000967525,0.000542565],
[4,30000,500,500,1.31022,1.65883,0.00111536,0.000594638],
[4,30000,1000,1000,1.17335,1.49237,0.00124011,0.000648427],
[4,30000,30000,30000,1.09384,1,0.00131536,0.00069973],
[5,30000,1,1,6.38843,inf,0.000233313,0.000233313],
[5,30000,2,2,5.345,14.8727,0.000271413,0.000252363],
[5,30000,3,3,4.35125,9.38361,0.000327825,0.000277517],
[5,30000,4,4,3.75523,7.43634,0.000388788,0.000305334],
[5,30000,5,5,3.69814,6.40531,0.000398275,0.000323922],
[5,30000,10,10,3.0102,4.47712,0.00048895,0.000351427],
[5,30000,20,20,2.56843,3.44121,0.000564975,0.000381934],
[5,30000,50,50,2.01267,2.6352,0.000734275,0.000425977],
[5,30000,100,100,1.78494,2.23856,0.000815663,0.000469275],
[5,30000,200,200,1.50218,1.9457,0.000961988,0.000518546],
[5,30000,500,500,1.35287,1.65883,0.00109615,0.000571056],
[5,30000,1000,1000,1.21603,1.49237,0.00119585,0.000623122],
[5,30000,30000,30000,1.10022,1,0.00130774,0.000675785],
[6,30000,1,1,7.13486,inf,0.000204563,0.000204563],
[6,30000,2,2,4.34799,14.8727,0.000333525,0.000269044],
[6,30000,3,3,4.0297,9.38361,0.000357363,0.000298483],
[6,30000,4,4,3.82927,7.43634,0.000388913,0.000321091],
[6,30000,5,5,3.5537,6.40531,0.0004325,0.000343373],
[6,30000,10,10,2.78669,4.47712,0.000545688,0.000377092],
[6,30000,20,20,2.38846,3.44121,0.0006192,0.000411679],
[6,30000,50,50,1.9085,2.6352,0.0007575,0.000454906],
[6,30000,100,100,1.67551,2.23856,0.000855963,0.000499468],
[6,30000,200,200,1.48264,1.9457,0.000980138,0.000547535],
[6,30000,500,500,1.30834,1.65883,0.00110813,0.000598498],
[6,30000,1000,1000,1.15503,1.49237,0.00124985,0.000652777],
[6,30000,30000,30000,1.06256,1,0.0013414,0.000705748],
[7,30000,1,1,6.47331,inf,0.000221763,0.000221763],
[7,30000,2,2,5.16624,14.8727,0.000277988,0.000249875],
[7,30000,3,3,4.17013,9.38361,0.000348338,0.000282696],
[7,30000,4,4,4.27359,7.43634,0.000334025,0.000295528],
[7,30000,5,5,3.63195,6.40531,0.000393563,0.000315135],
[7,30000,10,10,2.83188,4.47712,0.0005102,0.000347646],
[7,30000,20,20,2.46207,3.44121,0.000601775,0.00038395],
[7,30000,50,50,1.96063,2.6352,0.000748063,0.000429464],
[7,30000,100,100,1.71213,2.23856,0.000852038,0.000476417],
[7,30000,200,200,1.50878,1.9457,0.0009607,0.000524845],
[7,30000,500,500,1.32806,1.65883,0.00109429,0.000576612],
[7,30000,1000,1000,1.17086,1.49237,0.00122555,0.000630691],
[7,30000,30000,30000,1.07687,1,0.00131905,0.000683641],
[8,30000,1,1,5.59983,inf,0.000252925,0.000252925],
[8,30000,2,2,4.21349,14.8727,0.000347263,0.000300094],
[8,30000,3,3,4.26703,9.38361,0.000341437,0.000313875],
[8,30000,4,4,3.71769,7.43634,0.000390213,0.000332959],
[8,30000,5,5,3.37131,6.40531,0.000430738,0.000352515],
[8,30000,10,10,2.91733,4.47712,0.000500963,0.000377256],
[8,30000,20,20,2.34181,3.44121,0.000617925,0.000411638],
[8,30000,50,50,2.03696,2.6352,0.000706925,0.000448548],
[8,30000,100,100,1.71657,2.23856,0.000845538,0.000492658],
[8,30000,200,200,1.54026,1.9457,0.000946625,0.000538055],
[8,30000,500,500,1.31317,1.65883,0.00109212,0.000588425],
[8,30000,1000,1000,1.17393,1.49237,0.00127861,0.000645941],
[8,30000,30000,30000,1.08404,1,0.0014479,0.00070763],
[9,30000,1,1,7.46308,inf,0.00020755,0.00020755],
[9,30000,2,2,5.31145,14.8727,0.000291375,0.000249462],
[9,30000,3,3,3.81605,9.38361,0.000395888,0.000298271],
[9,30000,4,4,3.59198,7.43634,0.000403013,0.000324456],
[9,30000,5,5,3.64583,6.40531,0.000405,0.000340565],
[9,30000,10,10,2.93384,4.47712,0.000493525,0.000366058],
[9,30000,20,20,2.40485,3.44121,0.000607225,0.000400511],
[9,30000,50,50,1.97865,2.6352,0.000734925,0.000442312],
[9,30000,100,100,1.7209,2.23856,0.000839613,0.000486457],
[9,30000,200,200,1.50867,1.9457,0.000967,0.000534511],
[9,30000,500,500,1.30524,1.65883,0.00111536,0.000587316],
[9,30000,1000,1000,1.16119,1.49237,0.0012522,0.000642723],
[9,30000,30000,30000,1.09985,1,0.00131741,0.000694622],
[10,30000,1,1,5.85264,inf,0.000250575,0.000250575],
[10,30000,2,2,5.36165,14.8727,0.0002678,0.000259187],
[10,30000,3,3,4.16661,9.38361,0.000344212,0.000287529],
[10,30000,4,4,3.91469,7.43634,0.000373063,0.000308913],
[10,30000,5,5,3.32423,6.40531,0.00043465,0.00033406],
[10,30000,10,10,3.00295,4.47712,0.0004787,0.000358167],
[10,30000,20,20,2.50698,3.44121,0.0005728,0.000388829],
[10,30000,50,50,2.04522,2.6352,0.00070605,0.000428481],
[10,30000,100,100,1.68794,2.23856,0.0008601,0.000476439],
[10,30000,200,200,1.53944,1.9457,0.000949525,0.000523748],
[10,30000,500,500,1.31862,1.65883,0.00110104,0.000576228],
[10,30000,1000,1000,1.21131,1.49237,0.00125706,0.000632965],
[10,30000,30000,30000,1.10228,1,0.00139992,0.000691962],
[11,30000,1,1,8.10342,inf,0.00017985,0.00017985],
[11,30000,2,2,5.20034,14.8727,0.00027665,0.00022825],
[11,30000,3,3,4.3531,9.38361,0.000347388,0.000267963],
[11,30000,4,4,3.74264,7.43634,0.0003836,0.000296872],
[11,30000,5,5,3.5079,6.40531,0.0004114,0.000319777],
[11,30000,10,10,2.88043,4.47712,0.0004971,0.000349331],
[11,30000,20,20,2.3462,3.44121,0.000623475,0.000388495],
[11,30000,50,50,1.95684,2.6352,0.000742288,0.000432719],
[11,30000,100,100,1.71387,2.23856,0.0008406,0.000478039],
[11,30000,200,200,1.48681,1.9457,0.000979463,0.000528181],
[11,30000,500,500,1.33202,1.65883,0.00109531,0.000579739],
[11,30000,1000,1000,1.16243,1.49237,0.00123955,0.000634723],
[11,30000,30000,30000,1.11454,1,0.00129821,0.000685761],
[0,300000,1,1,8.07662,inf,0.00221265,0.00221265],
[0,300000,2,2,6.15928,18.1946,0.00287373,0.00254319],
[0,300000,3,3,5.23417,11.4795,0.00339095,0.00282578],
[0,300000,4,4,4.975,9.0973,0.00362375,0.00302527],
[0,300000,5,5,4.49769,7.83599,0.00408363,0.00323694],
[0,300000,10,10,3.34614,5.47712,0.00531853,0.00358387],
[0,300000,20,20,2.90018,4.20983,0.00608018,0.00394049],
[0,300000,50,50,2.48649,3.22379,0.00716273,0.00434327],
[0,300000,100,100,2.23677,2.73856,0.0082222,0.00477426],
[0,300000,200,200,1.91554,2.38029,0.00926643,0.00522347],
[0,300000,500,500,1.71619,2.02934,0.0107016,0.00572148],
[0,300000,1000,1000,1.48139,1.82571,0.0119261,0.00623854],
[0,300000,300000,300000,1.08419,1,0.0164079,0.00702079],
[1,300000,1,1,10.2124,inf,0.00180328,0.00180328],
[1,300000,2,2,5.47511,18.1946,0.00330498,0.00255412],
[1,300000,3,3,4.65343,11.4795,0.00379328,0.00296718],
[1,300000,4,4,4.9507,9.0973,0.0036217,0.00313081],
[1,300000,5,5,4.2575,7.83599,0.00415008,0.00333466],
[1,300000,10,10,3.5906,5.47712,0.00511198,0.00363088],
[1,300000,20,20,3.12486,4.20983,0.00569415,0.00392563],
[1,300000,50,50,2.49216,3.22379,0.00708505,0.00432056],
[1,300000,100,100,2.19424,2.73856,0.00807215,0.0047374],
[1,300000,200,200,1.97704,2.38029,0.00894263,0.00515793],
[1,300000,500,500,1.71771,2.02934,0.0104185,0.00563615],
[1,300000,1000,1000,1.55197,1.82571,0.0120104,0.00616734],
[1,300000,300000,300000,1.09589,1,0.0163444,0.00695019],
[2,300000,1,1,7.40435,inf,0.00242405,0.00242405],
[2,300000,2,2,6.19782,18.1946,0.00287935,0.0026517],
[2,300000,3,3,4.8582,11.4795,0.00379455,0.00303265],
[2,300000,4,4,5.23753,9.0973,0.00343573,0.00313342],
[2,300000,5,5,4.14864,7.83599,0.00435485,0.00337771],
[2,300000,10,10,3.51276,5.47712,0.00537928,0.0037113],
[2,300000,20,20,2.96461,4.20983,0.0065306,0.00411406],
[2,300000,50,50,2.4219,3.22379,0.00759955,0.00454974],
[2,300000,100,100,2.24726,2.73856,0.00828465,0.00496473],
[2,300000,200,200,1.96624,2.38029,0.00913822,0.00538208],
[2,300000,500,500,1.72465,2.02934,0.0103511,0.00583381],
[2,300000,1000,1000,1.55573,1.82571,0.0114496,0.00630179],
[2,300000,300000,300000,1.08191,1,0.0167529,0.00710572],
[3,300000,1,1,7.47569,inf,0.0023574,0.0023574],
[3,300000,2,2,5.8295,18.1946,0.0030374,0.0026974],
[3,300000,3,3,5.22356,11.4795,0.00337948,0.00292476],
[3,300000,4,4,5.33367,9.0973,0.00352193,0.00307405],
[3,300000,5,5,4.38911,7.83599,0.00410808,0.00328086],
[3,300000,10,10,3.70147,5.47712,0.00477815,0.0035304],
[3,300000,20,20,3.12037,4.20983,0.00611505,0.00389964],
[3,300000,50,50,2.53551,3.22379,0.00711415,0.00430145],
[3,300000,100,100,2.199,2.73856,0.00801277,0.00471382],
[3,300000,200,200,1.96021,2.38029,0.00915385,0.00515782],
[3,300000,500,500,1.73911,2.02934,0.0103861,0.00563312],
[3,300000,1000,1000,1.59571,1.82571,0.0113195,0.00610699],
[3,300000,300000,300000,1.10523,1,0.0162717,0.00688889],
[4,300000,1,1,7.47637,inf,0.0024097,0.0024097],
[4,300000,2,2,5.84603,18.1946,0.00307368,0.00274169],
[4,300000,3,3,5.27643,11.4795,0.00342775,0.00297038],
[4,300000,4,4,4.51038,9.0973,0.00413238,0.00326088],
[4,300000,5,5,4.71098,7.83599,0.00390363,0.00338943],
[4,300000,10,10,3.76759,5.47712,0.0052642,0.00370189],
[4,300000,20,20,2.79274,4.20983,0.00779508,0.00428663],
[4,300000,50,50,2.43567,3.22379,0.00741515,0.00467769],
[4,300000,100,100,2.23689,2.73856,0.00833962,0.00508458],
[4,300000,200,200,1.99788,2.38029,0.0089798,0.0054741],
[4,300000,500,500,1.72712,2.02934,0.0103447,0.00591688],
[4,300000,1000,1000,1.57502,1.82571,0.0113706,0.00637135],
[4,300000,300000,300000,1.09823,1,0.0168116,0.00717445],
[5,300000,1,1,7.51929,inf,0.00236268,0.00236268],
[5,300000,2,2,6.03587,18.1946,0.00294628,0.00265448],
[5,300000,3,3,4.87381,11.4795,0.00365973,0.00298956],
[5,300000,4,4,4.81311,9.0973,0.0038048,0.00319337],
[5,300000,5,5,4.62512,7.83599,0.00384868,0.00332443],
[5,300000,10,10,3.48423,5.47712,0.00510733,0.00362158],
[5,300000,20,20,3.02545,4.20983,0.0058596,0.0039413],
[5,300000,50,50,2.46506,3.22379,0.00717445,0.00434544],
[5,300000,100,100,2.18796,2.73856,0.0081796,0.00477146],
[5,300000,200,200,1.95848,2.38029,0.0090168,0.00519599],
[5,300000,500,500,1.72124,2.02934,0.010995,0.00572318],
[5,300000,1000,1000,1.54587,1.82571,0.0114582,0.0062011],
[5,300000,300000,300000,1.07762,1,0.0164543,0.0069898],
[6,300000,1,1,9.30775,inf,0.00197115,0.00197115],
[6,300000,2,2,5.68127,18.1946,0.00317918,0.00257516],
[6,300000,3,3,5.47974,11.4795,0.00329483,0.00281505],
[6,300000,4,4,4.97499,9.0973,0.003643,0.00302204],
[6,300000,5,5,4.61157,7.83599,0.00390793,0.00319922],
[6,300000,10,10,4.02753,5.47712,0.00449025,0.00341439],
[6,300000,20,20,3.05731,4.20983,0.00587775,0.0037663],
[6,300000,50,50,2.65174,3.22379,0.00693545,0.00416244],
[6,300000,100,100,2.2329,2.73856,0.00817733,0.00460854],
[6,300000,200,200,2.02539,2.38029,0.00890038,0.00503772],
[6,300000,500,500,1.75668,2.02934,0.0103756,0.00552298],
[6,300000,1000,1000,1.57191,1.82571,0.011445,0.00601648],
[6,300000,300000,300000,1.12369,1,0.016159,0.00679668],
[7,300000,1,1,8.01551,inf,0.00226685,0.00226685],
[7,300000,2,2,5.76651,18.1946,0.00311498,0.00269091],
[7,300000,3,3,4.94556,11.4795,0.00363088,0.00300423],
[7,300000,4,4,4.97961,9.0973,0.00359053,0.00315081],
[7,300000,5,5,4.77006,7.83599,0.0037752,0.00327569],
[7,300000,10,10,3.32719,5.47712,0.00559378,0.00366203],
[7,300000,20,20,3.12024,4.20983,0.00583503,0.00397246],
[7,300000,50,50,2.4984,3.22379,0.00718335,0.00437382],
[7,300000,100,100,2.2195,2.73856,0.00830245,0.00481034],
[7,300000,200,200,1.95174,2.38029,0.00927838,0.00525714],
[7,300000,500,500,1.71892,2.02934,0.0106051,0.00574332],
[7,300000,1000,1000,1.53481,1.82571,0.0117501,0.00624388],
[7,300000,300000,300000,1.08491,1,0.0166702,0.00704591],
[8,300000,1,1,7.45264,inf,0.00241563,0.00241563],
[8,300000,2,2,6.16126,18.1946,0.00300963,0.00271263],
[8,300000,3,3,5.2245,11.4795,0.00350818,0.00297781],
[8,300000,4,4,4.64227,9.0973,0.00390265,0.00320902],
[8,300000,5,5,4.19987,7.83599,0.00429637,0.00342649],
[8,300000,10,10,3.71192,5.47712,0.0048912,0.00367061],
[8,300000,20,20,3.10726,4.20983,0.0058528,0.00398235],
[8,300000,50,50,2.53359,3.22379,0.00724458,0.00439013],
[8,300000,100,100,2.25349,2.73856,0.0081037,0.00480275],
[8,300000,200,200,1.97973,2.38029,0.00908583,0.00523106],
[8,300000,500,500,1.72745,2.02934,0.0104282,0.00570352],
[8,300000,1000,1000,1.56472,1.82571,0.0116647,0.00620028],
[8,300000,300000,300000,1.06977,1,0.0170985,0.0070386],
[9,300000,1,1,7.77356,inf,0.00233485,0.00233485],
[9,300000,2,2,7.04007,18.1946,0.00260225,0.00246855],
[9,300000,3,3,5.04614,11.4795,0.00358598,0.00284103],
[9,300000,4,4,4.51799,9.0973,0.00396702,0.00312253],
[9,300000,5,5,4.66212,7.83599,0.00387293,0.00327261],
[9,300000,10,10,3.7323,5.47712,0.00481535,0.00352973],
[9,300000,20,20,2.97345,4.20983,0.006079,0.00389391],
[9,300000,50,50,2.5847,3.22379,0.00701468,0.00428401],
[9,300000,100,100,2.25981,2.73856,0.00799183,0.00469599],
[9,300000,200,200,2.0179,2.38029,0.00919077,0.00514547],
[9,300000,500,500,1.71319,2.02934,0.0104636,0.00562893],
[9,300000,1000,1000,1.54882,1.82571,0.0116662,0.00613204],
[9,300000,300000,300000,1.09792,1,0.0166386,0.00694023],
[10,300000,1,1,10.4405,inf,0.0017185,0.0017185],
[10,300000,2,2,5.73495,18.1946,0.00315695,0.00243773],
[10,300000,3,3,4.96194,11.4795,0.00361635,0.0028306],
[10,300000,4,4,5.03441,9.0973,0.00360118,0.00302324],
[10,300000,5,5,4.44264,7.83599,0.00408428,0.00323545],
[10,300000,10,10,3.53859,5.47712,0.00508218,0.00354324],
[10,300000,20,20,3.08353,4.20983,0.00597753,0.00389099],
[10,300000,50,50,2.50312,3.22379,0.00728333,0.00431503],
[10,300000,100,100,2.21012,2.73856,0.00822725,0.00474972],
[10,300000,200,200,1.98727,2.38029,0.00932248,0.005207],
[10,300000,500,500,1.73478,2.02934,0.0104412,0.00568284],
[10,300000,1000,1000,1.56418,1.82571,0.0115654,0.00617305],
[10,300000,300000,300000,1.09874,1,0.0165337,0.00697003],
[11,300000,1,1,8.22908,inf,0.00219033,0.00219033],
[11,300000,2,2,6.58835,18.1946,0.00273997,0.00246515],
[11,300000,3,3,5.08579,11.4795,0.00354315,0.00282448],
[11,300000,4,4,4.73002,9.0973,0.00397428,0.00311193],
[11,300000,5,5,4.47719,7.83599,0.0040239,0.00329432],
[11,300000,10,10,3.71896,5.47712,0.00485753,0.00355486],
[11,300000,20,20,2.95938,4.20983,0.00627775,0.00394384],
[11,300000,50,50,2.5342,3.22379,0.00705963,0.00433332],
[11,300000,100,100,2.24565,2.73856,0.00801947,0.00474289],
[11,300000,200,200,1.99884,2.38029,0.00900983,0.00516958],
[11,300000,500,500,1.75044,2.02934,0.0102628,0.0056326],
[11,300000,1000,1000,1.58251,1.82571,0.0114355,0.00611617],
[11,300000,300000,300000,1.09567,1,0.0163312,0.00690194],
[0,3000000,1,1,8.75787,inf,0.0249301,0.0249301],
[0,3000000,2,2,6.22118,21.5165,0.035015,0.0299726],
[0,3000000,3,3,5.77285,13.5754,0.0375272,0.0324908],
[0,3000000,4,4,5.25399,10.7583,0.0412244,0.0346742],
[0,3000000,5,5,4.63236,9.26667,0.046651,0.0370695],
[0,3000000,10,10,4.29882,6.47712,0.0506778,0.0393376],
[0,3000000,20,20,3.48778,4.97846,0.0622331,0.0426084],
[0,3000000,50,50,2.9892,3.81238,0.0726597,0.0463648],
[0,3000000,100,100,2.64346,3.23856,0.0822464,0.0503516],
[0,3000000,200,200,2.36,2.81488,0.0925214,0.0545686],
[0,3000000,500,500,2.06851,2.39985,0.104852,0.0591398],
[0,3000000,1000,1000,1.85044,2.15904,0.117444,0.0639985],
[0,3000000,3000000,3000000,1.05514,1,0.215521,0.0756541],
[1,3000000,1,1,8.94055,inf,0.0246647,0.0246647],
[1,3000000,2,2,7.56614,21.5165,0.0288535,0.0267591],
[1,3000000,3,3,6.50275,13.5754,0.0333315,0.0289499],
[1,3000000,4,4,6.11741,10.7583,0.0356527,0.0306256],
[1,3000000,5,5,5.3853,9.26667,0.0401767,0.0325358],
[1,3000000,10,10,4.22373,6.47712,0.0516076,0.0357144],
[1,3000000,20,20,3.46145,4.97846,0.0635774,0.0396948],
[1,3000000,50,50,3.00847,3.81238,0.0724463,0.0437888],
[1,3000000,100,100,2.62771,3.23856,0.083886,0.048244],
[1,3000000,200,200,2.38655,2.81488,0.0915789,0.0525775],
[1,3000000,500,500,2.05172,2.39985,0.106022,0.0574361],
[1,3000000,1000,1000,1.85573,2.15904,0.118211,0.0625006],
[1,3000000,3000000,3000000,1.11231,1,0.19598,0.0727682],
[2,3000000,1,1,9.682,inf,0.0225524,0.0225524],
[2,3000000,2,2,8.6788,21.5165,0.0247032,0.0236278],
[2,3000000,3,3,6.26291,13.5754,0.0348813,0.0273789],
[2,3000000,4,4,5.19203,10.7583,0.041107,0.030811],
[2,3000000,5,5,5.30241,9.26667,0.0408058,0.0328099],
[2,3000000,10,10,4.12003,6.47712,0.0516964,0.0359577],
[2,3000000,20,20,3.67144,4.97846,0.059093,0.0392627],
[2,3000000,50,50,2.98831,3.81238,0.0741962,0.0436294],
[2,3000000,100,100,2.62646,3.23856,0.0836951,0.0480811],
[2,3000000,200,200,2.38208,2.81488,0.0911159,0.0523846],
[2,3000000,500,500,2.06654,2.39985,0.103461,0.0570279],
[2,3000000,1000,1000,1.91366,2.15904,0.11324,0.0617123],
[2,3000000,3000000,3000000,1.08511,1,0.198335,0.0722218],
[3,3000000,1,1,10.0607,inf,0.0212185,0.0212185],
[3,3000000,2,2,6.88305,21.5165,0.0315178,0.0263681],
[3,3000000,3,3,5.97589,13.5754,0.0359678,0.029568],
[3,3000000,4,4,5.15303,10.7583,0.0419528,0.0326642],
[3,3000000,5,5,5.04071,9.26667,0.0424251,0.0346164],
[3,3000000,10,10,3.98242,6.47712,0.0543365,0.0379031],
[3,3000000,20,20,3.44944,4.97846,0.0619693,0.0413411],
[3,3000000,50,50,2.8961,3.81238,0.0751364,0.0455655],
[3,3000000,100,100,2.52269,3.23856,0.084408,0.0498813],
[3,3000000,200,200,2.33506,2.81488,0.0921863,0.0541118],
[3,3000000,500,500,2.08625,2.39985,0.104423,0.0586856],
[3,3000000,1000,1000,1.87321,2.15904,0.114081,0.0633019],
[3,3000000,3000000,3000000,1.10827,1,0.196338,0.0735355],
[4,3000000,1,1,8.76405,inf,0.0249782,0.0249782],
[4,3000000,2,2,8.52957,21.5165,0.0253142,0.0251462],
[4,3000000,3,3,6.31016,13.5754,0.0344813,0.0282579],
[4,3000000,4,4,5.49056,10.7583,0.0388306,0.0309011],
[4,3000000,5,5,5.28848,9.26667,0.040825,0.0328859],
[4,3000000,10,10,4.15123,6.47712,0.0514776,0.0359845],
[4,3000000,20,20,3.33375,4.97846,0.0646326,0.0400771],
[4,3000000,50,50,3.02471,3.81238,0.0714207,0.043995],
[4,3000000,100,100,2.7163,3.23856,0.0803273,0.0480319],
[4,3000000,200,200,2.36202,2.81488,0.0904016,0.0522689],
[4,3000000,500,500,2.01562,2.39985,0.106119,0.0571643],
[4,3000000,1000,1000,1.85301,2.15904,0.115594,0.0620335],
[4,3000000,3000000,3000000,1.1075,1,0.194677,0.0722368],
[5,3000000,1,1,9.17023,inf,0.0234455,0.0234455],
[5,3000000,2,2,7.85327,21.5165,0.0278412,0.0256433],
[5,3000000,3,3,5.4634,13.5754,0.039484,0.0302569],
[5,3000000,4,4,5.17902,10.7583,0.0419153,0.0331715],
[5,3000000,5,5,4.90589,9.26667,0.0435143,0.03524],
[5,3000000,10,10,3.92519,6.47712,0.0548004,0.0385001],
[5,3000000,20,20,3.4133,4.97846,0.0626205,0.0419459],
[5,3000000,50,50,2.92539,3.81238,0.0738459,0.0459334],
[5,3000000,100,100,2.59317,3.23856,0.0822543,0.049969],
[5,3000000,200,200,2.22899,2.81488,0.0956264,0.0545348],
[5,3000000,500,500,2.05408,2.39985,0.104149,0.0590451],
[5,3000000,1000,1000,1.89868,2.15904,0.114492,0.0636657],
[5,3000000,3000000,3000000,1.07335,1,0.19982,0.0741391],
[6,3000000,1,1,9.93993,inf,0.0214806,0.0214806],
[6,3000000,2,2,6.38761,21.5165,0.0341489,0.0278147],
[6,3000000,3,3,5.61957,13.5754,0.0385253,0.0313849],
[6,3000000,4,4,5.31366,10.7583,0.0406805,0.0337088],
[6,3000000,5,5,4.86766,9.26667,0.0438163,0.0357303],
[6,3000000,10,10,4.01243,6.47712,0.0536832,0.0387224],
[6,3000000,20,20,3.50146,4.97846,0.0611698,0.0419292],
[6,3000000,50,50,2.82457,3.81238,0.0756576,0.0461453],
[6,3000000,100,100,2.66443,3.23856,0.0811691,0.0500368],
[6,3000000,200,200,2.34547,2.81488,0.090835,0.0541166],
[6,3000000,500,500,2.03314,2.39985,0.105647,0.0588012],
[6,3000000,1000,1000,1.8605,2.15904,0.115006,0.063485],
[6,3000000,3000000,3000000,1.07821,1,0.197682,0.0738078],
[7,3000000,1,1,7.83163,inf,0.0275994,0.0275994],
[7,3000000,2,2,7.61835,21.5165,0.028027,0.0278132],
[7,3000000,3,3,5.12637,13.5754,0.0416496,0.0324253],
[7,3000000,4,4,5.27793,10.7583,0.0404338,0.0344274],
[7,3000000,5,5,4.83332,9.26667,0.0442779,0.0363975],
[7,3000000,10,10,4.09924,6.47712,0.0519246,0.0389854],
[7,3000000,20,20,3.3755,4.97846,0.0632499,0.0424517],
[7,3000000,50,50,2.98975,3.81238,0.0712257,0.0460485],
[7,3000000,100,100,2.64736,3.23856,0.0815785,0.0499963],
[7,3000000,200,200,2.30036,2.81488,0.0931199,0.0543086],
[7,3000000,500,500,2.07731,2.39985,0.103087,0.058743],
[7,3000000,1000,1000,1.90119,2.15904,0.113828,0.0633334],
[7,3000000,3000000,3000000,1.08237,1,0.197601,0.0736617],
[8,3000000,1,1,8.88994,inf,0.0241872,0.0241872],
[8,3000000,2,2,6.39082,21.5165,0.0339921,0.0290896],
[8,3000000,3,3,5.51005,13.5754,0.0389994,0.0323929],
[8,3000000,4,4,5.0285,10.7583,0.043076,0.0350636],
[8,3000000,5,5,4.70698,9.26667,0.0452265,0.0370962],
[8,3000000,10,10,4.13241,6.47712,0.0520571,0.0395897],
[8,3000000,20,20,3.41911,4.97846,0.062467,0.0428579],
[8,3000000,50,50,2.81655,3.81238,0.0758871,0.0469865],
[8,3000000,100,100,2.5348,3.23856,0.0840487,0.0511045],
[8,3000000,200,200,2.34402,2.81488,0.0918387,0.0551779],
[8,3000000,500,500,2.0264,2.39985,0.105279,0.0597326],
[8,3000000,1000,1000,1.81569,2.15904,0.117448,0.0645422],
[8,3000000,3000000,3000000,1.09107,1,0.197524,0.0747716],
[9,3000000,1,1,7.66017,inf,0.0276728,0.0276728],
[9,3000000,2,2,8.04681,21.5165,0.0265295,0.0271012],
[9,3000000,3,3,6.45808,13.5754,0.0328823,0.0290282],
[9,3000000,4,4,5.1558,10.7583,0.0416743,0.0321897],
[9,3000000,5,5,4.85293,9.26667,0.0436306,0.0344779],
[9,3000000,10,10,4.25085,6.47712,0.0505098,0.0371499],
[9,3000000,20,20,3.60523,4.97846,0.0587486,0.0402354],
[9,3000000,50,50,2.99813,3.81238,0.0715095,0.0441447],
[9,3000000,100,100,2.60221,3.23856,0.0825064,0.0484071],
[9,3000000,200,200,2.34621,2.81488,0.0902834,0.0525947],
[9,3000000,500,500,2.09953,2.39985,0.102322,0.0571154],
[9,3000000,1000,1000,1.87181,2.15904,0.113136,0.0617838],
[9,3000000,3000000,3000000,1.11198,1,0.193937,0.0719494],
[10,3000000,1,1,8.72879,inf,0.024595,0.024595],
[10,3000000,2,2,8.44251,21.5165,0.0252736,0.0249343],
[10,3000000,3,3,5.61453,13.5754,0.0381775,0.0293487],
[10,3000000,4,4,5.18169,10.7583,0.0415053,0.0323878],
[10,3000000,5,5,4.84212,9.26667,0.0447681,0.0348639],
[10,3000000,10,10,4.15976,6.47712,0.0517646,0.0376807],
[10,3000000,20,20,3.40414,4.97846,0.0631262,0.0413157],
[10,3000000,50,50,2.88127,3.81238,0.074158,0.045421],
[10,3000000,100,100,2.63024,3.23856,0.0818626,0.0494701],
[10,3000000,200,200,2.3161,2.81488,0.0919389,0.053717],
[10,3000000,500,500,1.97498,2.39985,0.107891,0.0586419],
[10,3000000,1000,1000,1.82299,2.15904,0.117094,0.0635129],
[10,3000000,3000000,3000000,1.0997,1,0.195927,0.0736986],
[11,3000000,1,1,8.36916,inf,0.0255375,0.0255375],
[11,3000000,2,2,6.95524,21.5165,0.0312232,0.0283803],
[11,3000000,3,3,6.29494,13.5754,0.0343256,0.0303621],
[11,3000000,4,4,5.16814,10.7583,0.0418708,0.0332393],
[11,3000000,5,5,4.96392,9.26667,0.043565,0.0353044],
[11,3000000,10,10,4.12247,6.47712,0.0524709,0.0381655],
[11,3000000,20,20,3.53184,4.97846,0.0605935,0.0413695],
[11,3000000,50,50,2.96393,3.81238,0.0730673,0.0453317],
[11,3000000,100,100,2.60133,3.23856,0.0820789,0.0494147],
[11,3000000,200,200,2.34598,2.81488,0.0916236,0.0536356],
[11,3000000,500,500,2.05201,2.39985,0.10397,0.0582114],
[11,3000000,1000,1000,1.90434,2.15904,0.113616,0.0628285],
[11,3000000,3000000,3000000,1.11058,1,0.194839,0.0729831],
[0,30000000,1,1,13.5453,inf,0.185328,0.185328],
[0,30000000,2,2,6.88366,24.8385,0.365899,0.275614],
[0,30000000,3,3,6.20602,15.6713,0.405027,0.318751],
[0,30000000,4,4,6.1975,12.4192,0.404798,0.340263],
[0,30000000,5,5,5.92385,10.6973,0.425853,0.357381],
[0,30000000,10,10,4.60305,7.47712,0.54628,0.388864],
[0,30000000,20,20,3.97392,5.74708,0.632627,0.423687],
[0,30000000,50,50,3.23033,4.40097,0.779861,0.468209],
[0,30000000,100,100,2.9203,3.73856,0.861298,0.511886],
[0,30000000,200,200,2.6494,3.24947,0.952522,0.555949],
[0,30000000,500,500,2.32779,2.77036,1.08159,0.603735],
[0,30000000,1000,1000,2.12643,2.49237,1.18325,0.652028],
[0,30000000,30000000,30000000,1.08914,1,2.31151,0.77968],
[1,30000000,1,1,11.6427,inf,0.216643,0.216643],
[1,30000000,2,2,8.11323,24.8385,0.310204,0.263424],
[1,30000000,3,3,6.24624,15.6713,0.402308,0.309718],
[1,30000000,4,4,6.34446,12.4192,0.396554,0.331427],
[1,30000000,5,5,5.39377,10.6973,0.467965,0.358735],
[1,30000000,10,10,4.51135,7.47712,0.557005,0.39178],
[1,30000000,20,20,3.81819,5.74708,0.659953,0.43009],
[1,30000000,50,50,3.22557,4.40097,0.786676,0.474663],
[1,30000000,100,100,2.89416,3.73856,0.869679,0.518554],
[1,30000000,200,200,2.60788,3.24947,0.964363,0.563135],
[1,30000000,500,500,2.30604,2.77036,1.09112,0.611134],
[1,30000000,1000,1000,2.10876,2.49237,1.19514,0.659801],
[1,30000000,30000000,30000000,1.09417,1,2.32719,0.788062],
[2,30000000,1,1,15.2724,inf,0.164735,0.164735],
[2,30000000,2,2,8.07861,24.8385,0.311402,0.238069],
[2,30000000,3,3,6.66779,15.6713,0.377177,0.284438],
[2,30000000,4,4,6.21763,12.4192,0.405319,0.314658],
[2,30000000,5,5,5.8289,10.6973,0.437399,0.339206],
[2,30000000,10,10,4.67164,7.47712,0.539347,0.372563],
[2,30000000,20,20,3.88941,5.74708,0.648237,0.411945],
[2,30000000,50,50,3.32156,4.40097,0.758303,0.45524],
[2,30000000,100,100,2.94645,3.73856,0.855229,0.499683],
[2,30000000,200,200,2.65989,3.24947,0.94899,0.544614],
[2,30000000,500,500,2.36651,2.77036,1.07123,0.592488],
[2,30000000,1000,1000,2.16853,2.49237,1.16799,0.640446],
[2,30000000,30000000,30000000,1.09562,1,2.30486,0.768478],
[3,30000000,1,1,11.7783,inf,0.213437,0.213437],
[3,30000000,2,2,8.31487,24.8385,0.303734,0.258585],
[3,30000000,3,3,7.37131,15.6713,0.340989,0.286053],
[3,30000000,4,4,6.4601,12.4192,0.390022,0.312045],
[3,30000000,5,5,5.53485,10.6973,0.453906,0.340417],
[3,30000000,10,10,4.33809,7.47712,0.579774,0.38031],
[3,30000000,20,20,3.8406,5.74708,0.656843,0.419815],
[3,30000000,50,50,3.26599,4.40097,0.773803,0.464063],
[3,30000000,100,100,2.90557,3.73856,0.868925,0.509048],
[3,30000000,200,200,2.61855,3.24947,0.960656,0.554209],
[3,30000000,500,500,2.31204,2.77036,1.08766,0.602704],
[3,30000000,1000,1000,2.11795,2.49237,1.18573,0.65129],
[3,30000000,30000000,30000000,1.08467,1,2.3114,0.778991],
[4,30000000,1,1,10.0362,inf,0.249537,0.249537],
[4,30000000,2,2,7.16441,24.8385,0.349007,0.299272],
[4,30000000,3,3,6.66969,15.6713,0.375734,0.324759],
[4,30000000,4,4,7.03682,12.4192,0.356086,0.332591],
[4,30000000,5,5,6.12352,10.6973,0.409327,0.347938],
[4,30000000,10,10,4.64374,7.47712,0.53979,0.379913],
[4,30000000,20,20,3.96406,5.74708,0.632026,0.415929],
[4,30000000,50,50,3.31073,4.40097,0.757688,0.458649],
[4,30000000,100,100,2.9907,3.73856,0.838943,0.500904],
[4,30000000,200,200,2.65287,3.24947,0.944092,0.545223],
[4,30000000,500,500,2.36078,2.77036,1.05969,0.591993],
[4,30000000,1000,1000,2.14772,2.49237,1.16449,0.639701],
[4,30000000,30000000,30000000,1.0921,1,2.2947,0.767008],
[5,30000000,1,1,10.3485,inf,0.242259,0.242259],
[5,30000000,2,2,7.57768,24.8385,0.330562,0.286411],
[5,30000000,3,3,6.80331,15.6713,0.36956,0.314127],
[5,30000000,4,4,6.15252,12.4192,0.408111,0.337623],
[5,30000000,5,5,5.39103,10.6973,0.465655,0.36323],
[5,30000000,10,10,4.72097,7.47712,0.532426,0.391429],
[5,30000000,20,20,3.82677,5.74708,0.655584,0.429165],
[5,30000000,50,50,3.29198,4.40097,0.762913,0.470884],
[5,30000000,100,100,2.90703,3.73856,0.864808,0.514653],
[5,30000000,200,200,2.61971,3.24947,0.957305,0.558918],
[5,30000000,500,500,2.31756,2.77036,1.08264,0.60653],
[5,30000000,1000,1000,2.13341,2.49237,1.17487,0.653891],
[5,30000000,30000000,30000000,1.0831,1,2.31331,0.781539],
[6,30000000,1,1,9.46861,inf,0.265284,0.265284],
[6,30000000,2,2,7.90609,24.8385,0.316832,0.291058],
[6,30000000,3,3,7.37797,15.6713,0.33967,0.307262],
[6,30000000,4,4,5.97212,12.4192,0.420891,0.335669],
[6,30000000,5,5,5.7737,10.6973,0.434402,0.355416],
[6,30000000,10,10,4.71442,7.47712,0.532666,0.384957],
[6,30000000,20,20,3.86912,5.74708,0.648765,0.422644],
[6,30000000,50,50,3.25159,4.40097,0.770708,0.466152],
[6,30000000,100,100,2.88527,3.73856,0.86944,0.510962],
[6,30000000,200,200,2.62161,3.24947,0.95878,0.555744],
[6,30000000,500,500,2.32658,2.77036,1.08225,0.603608],
[6,30000000,1000,1000,2.14086,2.49237,1.18186,0.651795],
[6,30000000,30000000,30000000,1.07758,1,2.41245,0.78723],
[7,30000000,1,1,9.28792,inf,0.271564,0.271564],
[7,30000000,2,2,7.20889,24.8385,0.349304,0.310434],
[7,30000000,3,3,6.66112,15.6713,0.377098,0.332655],
[7,30000000,4,4,6.34816,12.4192,0.395831,0.348449],
[7,30000000,5,5,5.76755,10.6973,0.43906,0.366571],
[7,30000000,10,10,4.77542,7.47712,0.525017,0.392979],
[7,30000000,20,20,3.96958,5.74708,0.635223,0.427585],
[7,30000000,50,50,3.26937,4.40097,0.768017,0.470139],
[7,30000000,100,100,2.92435,3.73856,0.856846,0.513107],
[7,30000000,200,200,2.64262,3.24947,0.952562,0.557052],
[7,30000000,500,500,2.31368,2.77036,1.08765,0.605288],
[7,30000000,1000,1000,2.14297,2.49237,1.17352,0.652641],
[7,30000000,30000000,30000000,1.09239,1,2.29806,0.779212],
[8,30000000,1,1,10.9649,inf,0.229089,0.229089],
[8,30000000,2,2,7.72063,24.8385,0.324479,0.276784],
[8,30000000,3,3,5.75786,15.6713,0.435471,0.32968],
[8,30000000,4,4,5.97822,12.4192,0.421504,0.352636],
[8,30000000,5,5,5.68101,10.6973,0.441044,0.370317],
[8,30000000,10,10,4.79141,7.47712,0.52276,0.395724],
[8,30000000,20,20,3.81383,5.74708,0.65731,0.433094],
[8,30000000,50,50,3.21996,4.40097,0.776004,0.475958],
[8,30000000,100,100,2.89156,3.73856,0.866731,0.519377],
[8,30000000,200,200,2.62505,3.24947,0.95843,0.563282],
[8,30000000,500,500,2.29611,2.77036,1.09168,0.611319],
[8,30000000,1000,1000,2.12346,2.49237,1.17995,0.658705],
[8,30000000,30000000,30000000,1.0835,1,2.31165,0.785854],
[9,30000000,1,1,11.3362,inf,0.222098,0.222098],
[9,30000000,2,2,7.17828,24.8385,0.349958,0.286028],
[9,30000000,3,3,6.59621,15.6713,0.379554,0.317203],
[9,30000000,4,4,5.66946,12.4192,0.441556,0.348292],
[9,30000000,5,5,5.53156,10.6973,0.455384,0.36971],
[9,30000000,10,10,4.42508,7.47712,0.567141,0.402615],
[9,30000000,20,20,3.87989,5.74708,0.646208,0.437414],
[9,30000000,50,50,3.27014,4.40097,0.766589,0.478561],
[9,30000000,100,100,2.90999,3.73856,0.859304,0.520866],
[9,30000000,200,200,2.62696,3.24947,0.954938,0.564273],
[9,30000000,500,500,2.33597,2.77036,1.07774,0.610952],
[9,30000000,1000,1000,2.13965,2.49237,1.1705,0.657581],
[9,30000000,30000000,30000000,1.08534,1,2.31004,0.784693],
[10,30000000,1,1,9.7677,inf,0.256703,0.256703],
[10,30000000,2,2,10.4062,24.8385,0.242795,0.249749],
[10,30000000,3,3,6.68104,15.6713,0.375692,0.29173],
[10,30000000,4,4,5.97898,12.4192,0.420376,0.323891],
[10,30000000,5,5,5.70136,10.6973,0.439885,0.34709],
[10,30000000,10,10,4.48846,7.47712,0.558921,0.382395],
[10,30000000,20,20,3.91337,5.74708,0.640896,0.419324],
[10,30000000,50,50,3.3777,4.40097,0.747966,0.460404],
[10,30000000,100,100,2.96468,3.73856,0.846864,0.503344],
[10,30000000,200,200,2.68192,3.24947,0.935237,0.546534],
[10,30000000,500,500,2.35941,2.77036,1.06445,0.593617],
[10,30000000,1000,1000,2.16839,2.49237,1.15774,0.640627],
[10,30000000,30000000,30000000,1.09527,1,2.29236,0.767683],
[11,30000000,1,1,12.8984,inf,0.194563,0.194563],
[11,30000000,2,2,6.85023,24.8385,0.366477,0.28052],
[11,30000000,3,3,6.71199,15.6713,0.37415,0.31173],
[11,30000000,4,4,6.4357,12.4192,0.389101,0.331073],
[11,30000000,5,5,5.5597,10.6973,0.451349,0.355128],
[11,30000000,10,10,4.75837,7.47712,0.52637,0.383668],
[11,30000000,20,20,3.84217,5.74708,0.653684,0.422242],
[11,30000000,50,50,3.27969,4.40097,0.763765,0.464932],
[11,30000000,100,100,2.92113,3.73856,0.860431,0.508877],
[11,30000000,200,200,2.64585,3.24947,0.949887,0.552978],
[11,30000000,500,500,2.33384,2.77036,1.07362,0.600309],
[11,30000000,1000,1000,2.15012,2.49237,1.17103,0.647869],
[11,30000000,30000000,30000000,1.08578,1,2.30703,0.775496],
]
#19.30