[
[0,30,1,1,0.9375,inf,1.5e-07,1.5e-07],
[0,30,2,2,0.953488,4.90689,1.34375e-07,1.42188e-07],
[0,30,3,3,1,3.0959,1.375e-07,1.40625e-07],
[0,30,4,4,0.977273,2.45345,1.375e-07,1.39844e-07],
[0,30,5,5,0.977273,2.11328,1.375e-07,1.39375e-07],
[0,30,10,10,0.911111,1.47712,1.40625e-07,1.39583e-07],
[0,30,20,20,0.977778,1.13535,1.40625e-07,1.39732e-07],
[0,30,50,30,1.07143,1,1.3125e-07,1.38672e-07],
[0,30,100,30,0.955556,1,1.40625e-07,1.38889e-07],
[0,30,200,30,1.02381,1,1.3125e-07,1.38125e-07],
[0,30,500,30,0.909091,1,1.71875e-07,1.41193e-07],
[0,30,1000,30,1.04762,1,1.3125e-07,1.40365e-07],
[0,30,30,30,0.976744,1,1.34375e-07,1.39904e-07],
[1,30,1,1,1.05263,inf,1.1875e-07,1.1875e-07],
[1,30,2,2,1,4.90689,1.28125e-07,1.23438e-07],
[1,30,3,3,0.97561,3.0959,1.28125e-07,1.25e-07],
[1,30,4,4,0.974359,2.45345,1.21875e-07,1.24219e-07],
[1,30,5,5,0.902439,2.11328,1.28125e-07,1.25e-07],
[1,30,10,10,1.2,1.47712,1.09375e-07,1.22396e-07],
[1,30,20,20,0.840909,1.13535,1.375e-07,1.24554e-07],
[1,30,50,30,1.025,1,1.25e-07,1.24609e-07],
[1,30,100,30,1.13889,1,1.125e-07,1.23264e-07],
[1,30,200,30,1.13514,1,1.15625e-07,1.225e-07],
[1,30,500,30,0.974359,1,1.21875e-07,1.22443e-07],
[1,30,1000,30,1.13158,1,1.1875e-07,1.22135e-07],
[1,30,30,30,1,1,1.1875e-07,1.21875e-07],
[2,30,1,1,0.934783,inf,1.4375e-07,1.4375e-07],
[2,30,2,2,0.97561,4.90689,1.28125e-07,1.35938e-07],
[2,30,3,3,0.953488,3.0959,1.34375e-07,1.35417e-07],
[2,30,4,4,1.05,2.45345,1.25e-07,1.32812e-07],
[2,30,5,5,1.04878,2.11328,1.28125e-07,1.31875e-07],
[2,30,10,10,1,1.47712,1.3125e-07,1.31771e-07],
[2,30,20,20,1,1.13535,1.28125e-07,1.3125e-07],
[2,30,50,30,1.02439,1,1.28125e-07,1.30859e-07],
[2,30,100,30,1.02381,1,1.3125e-07,1.30903e-07],
[2,30,200,30,1.07317,1,1.28125e-07,1.30625e-07],
[2,30,500,30,0.931818,1,1.375e-07,1.3125e-07],
[2,30,1000,30,0.953488,1,1.34375e-07,1.3151e-07],
[2,30,30,30,0.976744,1,1.34375e-07,1.31731e-07],
[3,30,1,1,0.716981,inf,1.65625e-07,1.65625e-07],
[3,30,2,2,0.860465,4.90689,1.34375e-07,1.5e-07],
[3,30,3,3,1.37143,3.0959,1.09375e-07,1.36458e-07],
[3,30,4,4,1.31429,2.45345,1.09375e-07,1.29688e-07],
[3,30,5,5,0.666667,2.11328,1.59375e-07,1.35625e-07],
[3,30,10,10,0.952381,1.47712,1.3125e-07,1.34896e-07],
[3,30,20,20,1.28571,1.13535,1.09375e-07,1.3125e-07],
[3,30,50,30,1.5,1,1e-07,1.27344e-07],
[3,30,100,30,1.26471,1,1.0625e-07,1.25e-07],
[3,30,200,30,0.653061,1,1.53125e-07,1.27813e-07],
[3,30,500,30,1.29412,1,1.0625e-07,1.25852e-07],
[3,30,1000,30,1.26471,1,1.0625e-07,1.24219e-07],
[3,30,30,30,0.888889,1,1.125e-07,1.23317e-07],
[4,30,1,1,0.866667,inf,1.40625e-07,1.40625e-07],
[4,30,2,2,0.826087,4.90689,1.4375e-07,1.42188e-07],
[4,30,3,3,0.863636,3.0959,1.375e-07,1.40625e-07],
[4,30,4,4,0.975,2.45345,1.25e-07,1.36719e-07],
[4,30,5,5,1,2.11328,1.25e-07,1.34375e-07],
[4,30,10,10,1.13158,1.47712,1.1875e-07,1.31771e-07],
[4,30,20,20,0.948718,1.13535,1.21875e-07,1.30357e-07],
[4,30,50,30,0.974359,1,1.21875e-07,1.29297e-07],
[4,30,100,30,1.15152,1,1.03125e-07,1.26389e-07],
[4,30,200,30,0.603774,1,1.65625e-07,1.30313e-07],
[4,30,500,30,1.11111,1,1.125e-07,1.28693e-07],
[4,30,1000,30,0.571429,1,1.75e-07,1.32552e-07],
[4,30,30,30,0.904762,1,1.3125e-07,1.32452e-07],
[5,30,1,1,0.956522,inf,1.4375e-07,1.4375e-07],
[5,30,2,2,1.02273,4.90689,1.375e-07,1.40625e-07],
[5,30,3,3,0.956522,3.0959,1.4375e-07,1.41667e-07],
[5,30,4,4,0.977778,2.45345,1.40625e-07,1.41406e-07],
[5,30,5,5,1.02381,2.11328,1.3125e-07,1.39375e-07],
[5,30,10,10,0.956522,1.47712,1.4375e-07,1.40104e-07],
[5,30,20,20,1.04444,1.13535,1.40625e-07,1.40179e-07],
[5,30,50,30,0.956522,1,1.4375e-07,1.40625e-07],
[5,30,100,30,1.02326,1,1.34375e-07,1.39931e-07],
[5,30,200,30,0.977778,1,1.40625e-07,1.4e-07],
[5,30,500,30,1,1,1.40625e-07,1.40057e-07],
[5,30,1000,30,0.955556,1,1.40625e-07,1.40104e-07],
[5,30,30,30,0.977273,1,1.375e-07,1.39904e-07],
[6,30,1,1,0.744681,inf,1.46875e-07,1.46875e-07],
[6,30,2,2,0.820513,4.90689,1.21875e-07,1.34375e-07],
[6,30,3,3,0.886364,3.0959,1.375e-07,1.35417e-07],
[6,30,4,4,1.3125,2.45345,1e-07,1.26563e-07],
[6,30,5,5,0.972222,2.11328,1.125e-07,1.2375e-07],
[6,30,10,10,1.40625,1.47712,1e-07,1.19792e-07],
[6,30,20,20,0.581818,1.13535,1.71875e-07,1.27232e-07],
[6,30,50,30,1.07895,1,1.1875e-07,1.26172e-07],
[6,30,100,30,0.8,1,1.25e-07,1.26042e-07],
[6,30,200,30,1.29412,1,1.0625e-07,1.24063e-07],
[6,30,500,30,1,1,1.25e-07,1.24148e-07],
[6,30,1000,30,0.74,1,1.5625e-07,1.26823e-07],
[6,30,30,30,1.08108,1,1.15625e-07,1.25962e-07],
[7,30,1,1,1.04545,inf,1.375e-07,1.375e-07],
[7,30,2,2,1,4.90689,1.3125e-07,1.34375e-07],
[7,30,3,3,0.888889,3.0959,1.40625e-07,1.36458e-07],
[7,30,4,4,0.953488,2.45345,1.34375e-07,1.35937e-07],
[7,30,5,5,0.953488,2.11328,1.34375e-07,1.35625e-07],
[7,30,10,10,0.954545,1.47712,1.375e-07,1.35937e-07],
[7,30,20,20,1,1.13535,1.28125e-07,1.34821e-07],
[7,30,50,30,0.97619,1,1.3125e-07,1.34375e-07],
[7,30,100,30,1.02439,1,1.28125e-07,1.33681e-07],
[7,30,200,30,0.954545,1,1.375e-07,1.34062e-07],
[7,30,500,30,1,1,1.375e-07,1.34375e-07],
[7,30,1000,30,0.953488,1,1.34375e-07,1.34375e-07],
[7,30,30,30,0.953488,1,1.34375e-07,1.34375e-07],
[8,30,1,1,1.43243,inf,1.15625e-07,1.15625e-07],
[8,30,2,2,0.906977,4.90689,1.34375e-07,1.25e-07],
[8,30,3,3,0.97561,3.0959,1.28125e-07,1.26042e-07],
[8,30,4,4,0.603774,2.45345,1.65625e-07,1.35938e-07],
[8,30,5,5,0.975,2.11328,1.25e-07,1.3375e-07],
[8,30,10,10,1.78125,1.47712,1e-07,1.28125e-07],
[8,30,20,20,1.025,1.13535,1.25e-07,1.27679e-07],
[8,30,50,30,1.04878,1,1.28125e-07,1.27734e-07],
[8,30,100,30,1.15385,1,1.21875e-07,1.27083e-07],
[8,30,200,30,1.02381,1,1.3125e-07,1.275e-07],
[8,30,500,30,1.13158,1,1.1875e-07,1.26705e-07],
[8,30,1000,30,0.975,1,1.25e-07,1.26563e-07],
[8,30,30,30,1.13158,1,1.1875e-07,1.25962e-07],
[9,30,1,1,0.906977,inf,1.34375e-07,1.34375e-07],
[9,30,2,2,1.18421,4.90689,1.1875e-07,1.26563e-07],
[9,30,3,3,1.05263,3.0959,1.1875e-07,1.23958e-07],
[9,30,4,4,0.97619,2.45345,1.3125e-07,1.25781e-07],
[9,30,5,5,0.930233,2.11328,1.34375e-07,1.275e-07],
[9,30,10,10,0.902439,1.47712,1.28125e-07,1.27604e-07],
[9,30,20,20,1.25,1.13535,1e-07,1.23661e-07],
[9,30,50,30,0.930233,1,1.34375e-07,1.25e-07],
[9,30,100,30,1.05,1,1.25e-07,1.25e-07],
[9,30,200,30,0.975,1,1.25e-07,1.25e-07],
[9,30,500,30,1.22857,1,1.09375e-07,1.2358e-07],
[9,30,1000,30,1.075,1,1.25e-07,1.23698e-07],
[9,30,30,30,0.886364,1,1.375e-07,1.2476e-07],
[10,30,1,1,0.977778,inf,1.40625e-07,1.40625e-07],
[10,30,2,2,0.953488,4.90689,1.34375e-07,1.375e-07],
[10,30,3,3,1.02439,3.0959,1.28125e-07,1.34375e-07],
[10,30,4,4,1.04878,2.45345,1.28125e-07,1.32813e-07],
[10,30,5,5,1.05,2.11328,1.25e-07,1.3125e-07],
[10,30,10,10,1.04878,1.47712,1.28125e-07,1.30729e-07],
[10,30,20,20,0.931818,1.13535,1.375e-07,1.31696e-07],
[10,30,50,30,0.952381,1,1.3125e-07,1.31641e-07],
[10,30,100,30,1.02381,1,1.3125e-07,1.31597e-07],
[10,30,200,30,1,1,1.3125e-07,1.31563e-07],
[10,30,500,30,0.954545,1,1.375e-07,1.32102e-07],
[10,30,1000,30,1.02381,1,1.3125e-07,1.32031e-07],
[10,30,30,30,0.857143,1,1.53125e-07,1.33654e-07],
[11,30,1,1,0.976744,inf,1.34375e-07,1.34375e-07],
[11,30,2,2,0.954545,4.90689,1.375e-07,1.35938e-07],
[11,30,3,3,0.931818,3.0959,1.375e-07,1.36458e-07],
[11,30,4,4,0.97619,2.45345,1.3125e-07,1.35156e-07],
[11,30,5,5,1.02439,2.11328,1.28125e-07,1.3375e-07],
[11,30,10,10,1.02439,1.47712,1.28125e-07,1.32813e-07],
[11,30,20,20,0.954545,1.13535,1.375e-07,1.33482e-07],
[11,30,50,30,0.954545,1,1.375e-07,1.33984e-07],
[11,30,100,30,1.02326,1,1.34375e-07,1.34028e-07],
[11,30,200,30,1.02381,1,1.3125e-07,1.3375e-07],
[11,30,500,30,1.07317,1,1.28125e-07,1.33239e-07],
[11,30,1000,30,1,1,1.34375e-07,1.33333e-07],
[11,30,30,30,0.931818,1,1.375e-07,1.33654e-07],
[0,300,1,1,3.8835,inf,6.4375e-07,6.4375e-07],
[0,300,2,2,1.7824,8.22882,1.27813e-06,9.60938e-07],
[0,300,3,3,1.63073,5.19181,1.3625e-06,1.09479e-06],
[0,300,4,4,0.715128,4.11441,3.18125e-06,1.61641e-06],
[0,300,5,5,0.769807,3.54396,2.91875e-06,1.87688e-06],
[0,300,10,10,0.764398,2.47712,2.98438e-06,2.06146e-06],
[0,300,20,20,0.757272,1.90397,3.11563e-06,2.21205e-06],
[0,300,50,50,0.760125,1.45801,3.00938e-06,2.31172e-06],
[0,300,100,100,0.752525,1.23856,3.09375e-06,2.39861e-06],
[0,300,200,200,0.792735,1.07653,2.925e-06,2.45125e-06],
[0,300,500,300,0.804323,1,2.74688e-06,2.47813e-06],
[0,300,1000,300,0.802646,1,2.83438e-06,2.50781e-06],
[0,300,300,300,0.829739,1,2.75313e-06,2.52668e-06],
[1,300,1,1,3.36863,inf,7.96875e-07,7.96875e-07],
[1,300,2,2,1.71918,8.22882,1.36875e-06,1.08281e-06],
[1,300,3,3,1.56009,5.19181,1.45625e-06,1.20729e-06],
[1,300,4,4,0.808487,4.11441,2.87188e-06,1.62344e-06],
[1,300,5,5,0.724437,3.54396,3.60625e-06,2.02e-06],
[1,300,10,10,0.773143,2.47712,3.07188e-06,2.19531e-06],
[1,300,20,20,0.739657,1.90397,3.09688e-06,2.32411e-06],
[1,300,50,50,0.729446,1.45801,3.26875e-06,2.44219e-06],
[1,300,100,100,0.761555,1.23856,2.975e-06,2.50139e-06],
[1,300,200,200,0.764179,1.07653,3.14063e-06,2.56531e-06],
[1,300,500,300,0.772532,1,2.9125e-06,2.59688e-06],
[1,300,1000,300,0.79646,1,2.825e-06,2.61589e-06],
[1,300,300,300,0.798226,1,2.81875e-06,2.63149e-06],
[2,300,1,1,2.77152,inf,9.4375e-07,9.4375e-07],
[2,300,2,2,1.94271,8.22882,1.2e-06,1.07188e-06],
[2,300,3,3,1.48354,5.19181,1.51875e-06,1.22083e-06],
[2,300,4,4,0.763695,4.11441,2.90937e-06,1.64297e-06],
[2,300,5,5,0.748954,3.54396,2.9875e-06,1.91188e-06],
[2,300,10,10,0.72,2.47712,3.125e-06,2.11406e-06],
[2,300,20,20,0.692162,1.90397,3.30938e-06,2.28482e-06],
[2,300,50,50,0.737589,1.45801,3.08438e-06,2.38477e-06],
[2,300,100,100,0.727788,1.23856,3.30625e-06,2.48715e-06],
[2,300,200,200,0.736308,1.07653,3.08125e-06,2.54656e-06],
[2,300,500,300,0.77588,1,2.92813e-06,2.58125e-06],
[2,300,1000,300,0.823009,1,2.825e-06,2.60156e-06],
[2,300,300,300,0.826966,1,2.78125e-06,2.61538e-06],
[3,300,1,1,3.00373,inf,8.375e-07,8.375e-07],
[3,300,2,2,1.8564,8.22882,1.19688e-06,1.01719e-06],
[3,300,3,3,1.41683,5.19181,1.59688e-06,1.21042e-06],
[3,300,4,4,0.833891,4.11441,2.80313e-06,1.60859e-06],
[3,300,5,5,0.781996,3.54396,2.88125e-06,1.86313e-06],
[3,300,10,10,0.74496,2.47712,3.1e-06,2.06927e-06],
[3,300,20,20,0.756703,1.90397,3.14688e-06,2.22321e-06],
[3,300,50,50,0.714971,1.45801,3.25625e-06,2.35234e-06],
[3,300,100,100,0.73494,1.23856,3.37188e-06,2.46563e-06],
[3,300,200,200,0.89749,1.07653,2.9875e-06,2.51781e-06],
[3,300,500,300,0.79034,1,2.84688e-06,2.54773e-06],
[3,300,1000,300,0.835458,1,2.69688e-06,2.56016e-06],
[3,300,300,300,0.83455,1,2.56875e-06,2.56082e-06],
[4,300,1,1,3.37179,inf,7.3125e-07,7.3125e-07],
[4,300,2,2,1.67726,8.22882,1.27813e-06,1.00469e-06],
[4,300,3,3,1.60698,5.19181,1.34375e-06,1.11771e-06],
[4,300,4,4,0.793258,4.11441,2.78125e-06,1.53359e-06],
[4,300,5,5,0.743562,3.54396,2.9125e-06,1.80937e-06],
[4,300,10,10,0.77633,2.47712,2.87813e-06,1.9875e-06],
[4,300,20,20,0.71767,1.90397,3.16563e-06,2.1558e-06],
[4,300,50,50,0.742594,1.45801,3.05938e-06,2.26875e-06],
[4,300,100,100,0.735444,1.23856,3.05938e-06,2.3566e-06],
[4,300,200,200,0.723932,1.07653,3.14688e-06,2.43563e-06],
[4,300,500,300,0.772824,1,2.94375e-06,2.48182e-06],
[4,300,1000,300,0.836028,1,2.70625e-06,2.50052e-06],
[4,300,300,300,0.804476,1,2.65313e-06,2.51226e-06],
[5,300,1,1,4.15385,inf,5.6875e-07,5.6875e-07],
[5,300,2,2,1.82703,8.22882,1.15625e-06,8.625e-07],
[5,300,3,3,1.58118,5.19181,1.32813e-06,1.01771e-06],
[5,300,4,4,0.792388,4.11441,2.70938e-06,1.44063e-06],
[5,300,5,5,0.780207,3.54396,2.71563e-06,1.69563e-06],
[5,300,10,10,0.75167,2.47712,2.80625e-06,1.88073e-06],
[5,300,20,20,0.679449,1.90397,3.17813e-06,2.06607e-06],
[5,300,50,50,0.706861,1.45801,3.00625e-06,2.18359e-06],
[5,300,100,100,0.730853,1.23856,2.85625e-06,2.25833e-06],
[5,300,200,200,0.752212,1.07653,2.825e-06,2.315e-06],
[5,300,500,300,0.77972,1,2.68125e-06,2.3483e-06],
[5,300,1000,300,0.819307,1,2.525e-06,2.36302e-06],
[5,300,300,300,0.737962,1,2.79063e-06,2.39591e-06],
[6,300,1,1,7.53846,inf,3.25e-07,3.25e-07],
[6,300,2,2,1.8099,8.22882,1.2e-06,7.625e-07],
[6,300,3,3,2.08696,5.19181,1.00625e-06,8.4375e-07],
[6,300,4,4,0.780353,4.11441,2.83125e-06,1.34063e-06],
[6,300,5,5,0.85396,3.54396,2.525e-06,1.5775e-06],
[6,300,10,10,0.778271,2.47712,2.81875e-06,1.78438e-06],
[6,300,20,20,0.802676,1.90397,2.80313e-06,1.92991e-06],
[6,300,50,50,0.781006,1.45801,2.79688e-06,2.03828e-06],
[6,300,100,100,0.773523,1.23856,2.85625e-06,2.12917e-06],
[6,300,200,200,0.822144,1.07653,2.65313e-06,2.18156e-06],
[6,300,500,300,0.826715,1,2.59688e-06,2.21932e-06],
[6,300,1000,300,0.850307,1,2.54688e-06,2.24661e-06],
[6,300,300,300,0.885781,1,2.68125e-06,2.28005e-06],
[7,300,1,1,3.54386,inf,7.125e-07,7.125e-07],
[7,300,2,2,1.78338,8.22882,1.24063e-06,9.76563e-07],
[7,300,3,3,1.42412,5.19181,1.50313e-06,1.15208e-06],
[7,300,4,4,0.786903,4.11441,2.81563e-06,1.56797e-06],
[7,300,5,5,0.760266,3.54396,2.81563e-06,1.8175e-06],
[7,300,10,10,0.694695,2.47712,3.12188e-06,2.0349e-06],
[7,300,20,20,0.699605,1.90397,3.1625e-06,2.19598e-06],
[7,300,50,50,0.682857,1.45801,3.28125e-06,2.33164e-06],
[7,300,100,100,0.727466,1.23856,2.94688e-06,2.4e-06],
[7,300,200,200,0.712526,1.07653,3.04375e-06,2.46438e-06],
[7,300,500,300,0.750545,1,2.86875e-06,2.50114e-06],
[7,300,1000,300,0.792299,1,2.67813e-06,2.51589e-06],
[7,300,300,300,0.856476,1,2.67813e-06,2.52837e-06],
[8,300,1,1,3.05534,inf,7.90625e-07,7.90625e-07],
[8,300,2,2,1.86207,8.22882,1.17813e-06,9.84375e-07],
[8,300,3,3,1.36053,5.19181,1.64688e-06,1.20521e-06],
[8,300,4,4,0.774017,4.11441,2.8625e-06,1.61953e-06],
[8,300,5,5,0.809218,3.54396,2.91563e-06,1.87875e-06],
[8,300,10,10,0.864333,2.47712,2.85625e-06,2.04167e-06],
[8,300,20,20,0.675598,1.90397,3.26563e-06,2.21652e-06],
[8,300,50,50,0.729124,1.45801,3.06875e-06,2.32305e-06],
[8,300,100,100,0.737895,1.23856,2.96875e-06,2.39479e-06],
[8,300,200,200,0.721757,1.07653,2.9875e-06,2.45406e-06],
[8,300,500,300,0.726891,1,2.975e-06,2.50142e-06],
[8,300,1000,300,0.78139,1,2.7875e-06,2.52526e-06],
[8,300,300,300,0.745856,1,2.82813e-06,2.54856e-06],
[9,300,1,1,2.58589,inf,1.01875e-06,1.01875e-06],
[9,300,2,2,1.48119,8.22882,1.57813e-06,1.29844e-06],
[9,300,3,3,1.3539,5.19181,1.72188e-06,1.43958e-06],
[9,300,4,4,0.715605,4.11441,3.38438e-06,1.92578e-06],
[9,300,5,5,0.814257,3.54396,3.1125e-06,2.16313e-06],
[9,300,10,10,0.716305,2.47712,3.31563e-06,2.35521e-06],
[9,300,20,20,0.78882,1.90397,3.01875e-06,2.45e-06],
[9,300,50,50,0.731614,1.45801,3.27188e-06,2.55273e-06],
[9,300,100,100,0.74439,1.23856,3.20313e-06,2.625e-06],
[9,300,200,200,0.733005,1.07653,3.17188e-06,2.67969e-06],
[9,300,500,300,0.769777,1,3.08125e-06,2.71619e-06],
[9,300,1000,300,0.777186,1,2.93125e-06,2.73411e-06],
[9,300,300,300,0.762304,1,2.98438e-06,2.75337e-06],
[10,300,1,1,2.97101,inf,8.625e-07,8.625e-07],
[10,300,2,2,1.76794,8.22882,1.30625e-06,1.08438e-06],
[10,300,3,3,1.33214,5.19181,1.74063e-06,1.30313e-06],
[10,300,4,4,0.843956,4.11441,2.84375e-06,1.68828e-06],
[10,300,5,5,0.726368,3.54396,3.14063e-06,1.97875e-06],
[10,300,10,10,0.762918,2.47712,3.08438e-06,2.16302e-06],
[10,300,20,20,0.750245,1.90397,3.19063e-06,2.30982e-06],
[10,300,50,50,0.736138,1.45801,3.26875e-06,2.42969e-06],
[10,300,100,100,0.688241,1.23856,3.42813e-06,2.54063e-06],
[10,300,200,200,0.728846,1.07653,3.25e-06,2.61156e-06],
[10,300,500,300,0.76875,1,3e-06,2.64688e-06],
[10,300,1000,300,0.812981,1,2.84063e-06,2.66302e-06],
[10,300,300,300,0.813522,1,2.86563e-06,2.67861e-06],
[11,300,1,1,4.1746,inf,5.90625e-07,5.90625e-07],
[11,300,2,2,1.96196,8.22882,1.15e-06,8.70312e-07],
[11,300,3,3,1.65747,5.19181,1.35938e-06,1.03333e-06],
[11,300,4,4,0.835771,4.11441,2.77813e-06,1.46953e-06],
[11,300,5,5,0.785006,3.54396,2.83438e-06,1.7425e-06],
[11,300,10,10,0.696051,2.47712,3.40313e-06,2.01927e-06],
[11,300,20,20,0.750255,1.90397,3.06563e-06,2.16875e-06],
[11,300,50,50,0.790164,1.45801,2.85938e-06,2.25508e-06],
[11,300,100,100,0.78172,1.23856,2.90625e-06,2.32743e-06],
[11,300,200,200,0.750267,1.07653,2.92813e-06,2.3875e-06],
[11,300,500,300,0.77193,1,2.85e-06,2.42955e-06],
[11,300,1000,300,0.819026,1,2.69375e-06,2.45156e-06],
[11,300,300,300,0.815029,1,2.70313e-06,2.47091e-06],
[0,3000,1,1,4.65964,inf,1.98688e-05,1.98688e-05],
[0,3000,2,2,3.08995,11.5507,2.84875e-05,2.41781e-05],
[0,3000,3,3,2.88428,7.28771,3.04625e-05,2.62729e-05],
[0,3000,4,4,2.40003,5.77537,3.70125e-05,2.89578e-05],
[0,3000,5,5,2.16538,4.97464,4.13438e-05,3.1435e-05],
[0,3000,10,10,1.60768,3.47712,5.43563e-05,3.52552e-05],
[0,3000,20,20,1.35118,2.67259,6.91063e-05,4.00911e-05],
[0,3000,50,50,0.87456,2.04661,0.000115394,4.95039e-05],
[0,3000,100,100,0.865371,1.73856,0.000114806,5.67597e-05],
[0,3000,200,200,0.867987,1.51112,0.000113625,6.24463e-05],
[0,3000,500,500,0.838662,1.28831,0.000115131,6.72358e-05],
[0,3000,1000,1000,0.838623,1.15904,0.000113438,7.10859e-05],
[0,3000,3000,3000,0.842852,1,0.000115894,7.45327e-05],
[1,3000,1,1,5.5276,inf,1.6075e-05,1.6075e-05],
[1,3000,2,2,3.53104,11.5507,2.47625e-05,2.04188e-05],
[1,3000,3,3,2.61123,7.28771,3.30688e-05,2.46354e-05],
[1,3000,4,4,2.49293,5.77537,3.5375e-05,2.73203e-05],
[1,3000,5,5,2.00825,4.97464,4.24e-05,3.03362e-05],
[1,3000,10,10,1.57135,3.47712,5.78125e-05,3.49156e-05],
[1,3000,20,20,1.35691,2.67259,6.90125e-05,3.97866e-05],
[1,3000,50,50,0.831677,2.04661,0.000114475,4.91227e-05],
[1,3000,100,100,0.86022,1.73856,0.000116344,5.65917e-05],
[1,3000,200,200,0.830779,1.51112,0.000117856,6.27181e-05],
[1,3000,500,500,0.843917,1.28831,0.000115844,6.75477e-05],
[1,3000,1000,1000,0.839027,1.15904,0.000116169,7.15995e-05],
[1,3000,3000,3000,0.852218,1,0.000113681,7.48365e-05],
[2,3000,1,1,5.38686,inf,1.67375e-05,1.67375e-05],
[2,3000,2,2,4.0104,11.5507,2.16313e-05,1.91844e-05],
[2,3000,3,3,3.22313,7.28771,2.69188e-05,2.17625e-05],
[2,3000,4,4,2.4928,5.77537,3.60438e-05,2.53328e-05],
[2,3000,5,5,1.97954,4.97464,4.33813e-05,2.89425e-05],
[2,3000,10,10,1.60207,3.47712,5.7925e-05,3.37729e-05],
[2,3000,20,20,1.31991,2.67259,7.17e-05,3.91911e-05],
[2,3000,50,50,0.880722,2.04661,0.000115225,4.86953e-05],
[2,3000,100,100,0.849399,1.73856,0.000114831,5.60438e-05],
[2,3000,200,200,0.833738,1.51112,0.000115931,6.20325e-05],
[2,3000,500,500,0.822442,1.28831,0.000116688,6.70011e-05],
[2,3000,1000,1000,0.843895,1.15904,0.000117069,7.11734e-05],
[2,3000,3000,3000,0.850983,1,0.000121756,7.50644e-05],
[3,3000,1,1,5.19056,inf,1.80063e-05,1.80063e-05],
[3,3000,2,2,3.39206,11.5507,2.64625e-05,2.22344e-05],
[3,3000,3,3,2.75009,7.28771,3.33375e-05,2.59354e-05],
[3,3000,4,4,2.21039,5.77537,4.23313e-05,3.00344e-05],
[3,3000,5,5,2.19501,4.97464,4.23063e-05,3.24888e-05],
[3,3000,10,10,1.61105,3.47712,6.03875e-05,3.71385e-05],
[3,3000,20,20,1.38618,2.67259,7.265e-05,4.22116e-05],
[3,3000,50,50,0.81443,2.04661,0.000125087,5.25711e-05],
[3,3000,100,100,0.851457,1.73856,0.000122019,6.02875e-05],
[3,3000,200,200,0.846623,1.51112,0.000124,6.66587e-05],
[3,3000,500,500,0.865484,1.28831,0.000121594,7.16528e-05],
[3,3000,1000,1000,0.839087,1.15904,0.000122737,7.59099e-05],
[3,3000,3000,3000,0.840632,1,0.000120594,7.93471e-05],
[4,3000,1,1,4.64234,inf,1.97812e-05,1.97812e-05],
[4,3000,2,2,3.61261,11.5507,2.50875e-05,2.24344e-05],
[4,3000,3,3,2.71089,7.28771,3.3875e-05,2.62479e-05],
[4,3000,4,4,2.49296,5.77537,3.50438e-05,2.84469e-05],
[4,3000,5,5,2.27775,4.97464,3.93563e-05,3.06287e-05],
[4,3000,10,10,1.66587,3.47712,5.50875e-05,3.47052e-05],
[4,3000,20,20,1.36268,2.67259,6.73625e-05,3.93705e-05],
[4,3000,50,50,0.851328,2.04661,0.000113463,4.8632e-05],
[4,3000,100,100,0.855876,1.73856,0.00011275,5.57563e-05],
[4,3000,200,200,0.844073,1.51112,0.000115519,6.17325e-05],
[4,3000,500,500,0.851348,1.28831,0.000113563,6.64443e-05],
[4,3000,1000,1000,0.856854,1.15904,0.000117275,7.06802e-05],
[4,3000,3000,3000,0.852846,1,0.000114506,7.40514e-05],
[5,3000,1,1,6.62314,inf,1.345e-05,1.345e-05],
[5,3000,2,2,3.49914,11.5507,2.52938e-05,1.93719e-05],
[5,3000,3,3,2.65437,7.28771,3.30375e-05,2.39271e-05],
[5,3000,4,4,2.40003,5.77537,3.69187e-05,2.7175e-05],
[5,3000,5,5,2.03012,4.97464,4.44e-05,3.062e-05],
[5,3000,10,10,1.63036,3.47712,5.6e-05,3.485e-05],
[5,3000,20,20,1.33677,2.67259,6.92063e-05,3.9758e-05],
[5,3000,50,50,0.853846,2.04661,0.000113194,4.89375e-05],
[5,3000,100,100,0.85505,1.73856,0.000116463,5.64403e-05],
[5,3000,200,200,0.831453,1.51112,0.000115806,6.23769e-05],
[5,3000,500,500,0.832738,1.28831,0.000117144,6.73557e-05],
[5,3000,1000,1000,0.833561,1.15904,0.0001187,7.16344e-05],
[5,3000,3000,3000,0.831498,1,0.000119175,7.52913e-05],
[6,3000,1,1,5.72924,inf,1.67125e-05,1.67125e-05],
[6,3000,2,2,3.08565,11.5507,2.80938e-05,2.24031e-05],
[6,3000,3,3,2.7449,7.28771,3.28063e-05,2.58708e-05],
[6,3000,4,4,2.30702,5.77537,4.00625e-05,2.94188e-05],
[6,3000,5,5,2.09862,4.97464,4.3475e-05,3.223e-05],
[6,3000,10,10,1.65808,3.47712,5.69938e-05,3.63573e-05],
[6,3000,20,20,1.35864,2.67259,6.79125e-05,4.08652e-05],
[6,3000,50,50,0.847456,2.04661,0.000115581,5.02047e-05],
[6,3000,100,100,0.855959,1.73856,0.0001139,5.72819e-05],
[6,3000,200,200,0.855496,1.51112,0.0001144,6.29937e-05],
[6,3000,500,500,0.84521,1.28831,0.000115156,6.77358e-05],
[6,3000,1000,1000,0.841764,1.15904,0.000114663,7.16464e-05],
[6,3000,3000,3000,0.839848,1,0.000116569,7.51019e-05],
[7,3000,1,1,5.34996,inf,1.67875e-05,1.67875e-05],
[7,3000,2,2,3.31453,11.5507,2.55938e-05,2.11906e-05],
[7,3000,3,3,2.44142,7.28771,3.63313e-05,2.62375e-05],
[7,3000,4,4,2.30529,5.77537,3.73e-05,2.90031e-05],
[7,3000,5,5,2.15433,4.97464,4.1025e-05,3.14075e-05],
[7,3000,10,10,1.53237,3.47712,5.64813e-05,3.55865e-05],
[7,3000,20,20,1.25221,2.67259,7.12938e-05,4.06875e-05],
[7,3000,50,50,0.853129,2.04661,0.000115238,5.00062e-05],
[7,3000,100,100,0.863016,1.73856,0.000111738,5.68653e-05],
[7,3000,200,200,0.836278,1.51112,0.000119906,6.31694e-05],
[7,3000,500,500,0.838653,1.28831,0.000116519,6.80193e-05],
[7,3000,1000,1000,0.840455,1.15904,0.000115838,7.20042e-05],
[7,3000,3000,3000,0.84464,1,0.000115619,7.53591e-05],
[8,3000,1,1,5.48198,inf,1.63e-05,1.63e-05],
[8,3000,2,2,3.15869,11.5507,2.74125e-05,2.18562e-05],
[8,3000,3,3,2.52708,7.28771,3.43875e-05,2.60333e-05],
[8,3000,4,4,2.29892,5.77537,4.20688e-05,3.00422e-05],
[8,3000,5,5,2.0847,4.97464,4.42e-05,3.28738e-05],
[8,3000,10,10,1.65491,3.47712,6.0075e-05,3.74073e-05],
[8,3000,20,20,1.29532,2.67259,7.59125e-05,4.2908e-05],
[8,3000,50,50,0.837059,2.04661,0.000119944,5.25375e-05],
[8,3000,100,100,0.886044,1.73856,0.000114738,5.94486e-05],
[8,3000,200,200,0.853487,1.51112,0.000147513,6.8255e-05],
[8,3000,500,500,0.832353,1.28831,0.000150913,7.57693e-05],
[8,3000,1000,1000,0.838936,1.15904,0.000143344,8.14005e-05],
[8,3000,3000,3000,0.831679,1,0.000116519,8.41019e-05],
[9,3000,1,1,5.50818,inf,1.605e-05,1.605e-05],
[9,3000,2,2,3.26509,11.5507,2.61938e-05,2.11219e-05],
[9,3000,3,3,2.92901,7.28771,3.0725e-05,2.43229e-05],
[9,3000,4,4,2.25496,5.77537,3.74562e-05,2.76063e-05],
[9,3000,5,5,2.09654,4.97464,4.42188e-05,3.09288e-05],
[9,3000,10,10,1.72108,3.47712,5.38688e-05,3.47521e-05],
[9,3000,20,20,1.31407,2.67259,7.00688e-05,3.97973e-05],
[9,3000,50,50,0.851258,2.04661,0.000115763,4.9293e-05],
[9,3000,100,100,0.869388,1.73856,0.000116375,5.67465e-05],
[9,3000,200,200,0.859551,1.51112,0.000120106,6.30825e-05],
[9,3000,500,500,0.81829,1.28831,0.000125681,6.87733e-05],
[9,3000,1000,1000,0.859547,1.15904,0.000114363,7.25724e-05],
[9,3000,3000,3000,0.846493,1,0.000114938,7.58313e-05],
[10,3000,1,1,5.44873,inf,1.67e-05,1.67e-05],
[10,3000,2,2,3.27366,11.5507,2.5625e-05,2.11625e-05],
[10,3000,3,3,2.75722,7.28771,3.22563e-05,2.48604e-05],
[10,3000,4,4,2.25022,5.77537,4.19375e-05,2.91297e-05],
[10,3000,5,5,2.07197,4.97464,4.4375e-05,3.21788e-05],
[10,3000,10,10,1.53931,3.47712,5.835e-05,3.65406e-05],
[10,3000,20,20,1.37904,2.67259,6.8825e-05,4.11527e-05],
[10,3000,50,50,0.850226,2.04661,0.000116175,5.05305e-05],
[10,3000,100,100,0.853826,1.73856,0.000114419,5.76292e-05],
[10,3000,200,200,0.813989,1.51112,0.000125363,6.44025e-05],
[10,3000,500,500,0.841488,1.28831,0.000118288,6.93011e-05],
[10,3000,1000,1000,0.834627,1.15904,0.000116781,7.32578e-05],
[10,3000,3000,3000,0.847218,1,0.000114706,7.64462e-05],
[11,3000,1,1,4.93486,inf,1.88062e-05,1.88062e-05],
[11,3000,2,2,4.13059,11.5507,2.16813e-05,2.02438e-05],
[11,3000,3,3,2.36022,7.28771,3.92813e-05,2.65896e-05],
[11,3000,4,4,2.28372,5.77537,3.85937e-05,2.95906e-05],
[11,3000,5,5,1.9716,4.97464,4.73125e-05,3.3135e-05],
[11,3000,10,10,1.6488,3.47712,5.63063e-05,3.69969e-05],
[11,3000,20,20,1.31676,2.67259,7.13875e-05,4.19098e-05],
[11,3000,50,50,0.853413,2.04661,0.00011755,5.13648e-05],
[11,3000,100,100,0.853914,1.73856,0.00011945,5.89299e-05],
[11,3000,200,200,0.849117,1.51112,0.000117475,6.47844e-05],
[11,3000,500,500,0.857765,1.28831,0.000117588,6.95847e-05],
[11,3000,1000,1000,0.83541,1.15904,0.000115894,7.34438e-05],
[11,3000,3000,3000,0.844537,1,0.000120688,7.70779e-05],
[0,30000,1,1,5.99146,inf,0.000242913,0.000242913],
[0,30000,2,2,3.98802,14.8727,0.000399675,0.000321294],
[0,30000,3,3,3.31506,9.38361,0.00045205,0.000364879],
[0,30000,4,4,3.1233,7.43634,0.000465538,0.000390044],
[0,30000,5,5,2.90208,6.40531,0.000501163,0.000412268],
[0,30000,10,10,2.47116,4.47712,0.00061295,0.000445715],
[0,30000,20,20,1.95666,3.44121,0.000748125,0.000488916],
[0,30000,50,50,1.61203,2.6352,0.000924238,0.000543331],
[0,30000,100,100,1.37041,2.23856,0.00107168,0.000602036],
[0,30000,200,200,1.17709,1.9457,0.00132331,0.000674164],
[0,30000,500,500,0.898829,1.65883,0.00170775,0.000768126],
[0,30000,1000,1000,0.867507,1.49237,0.0016949,0.000845357],
[0,30000,30000,30000,0.847767,1,0.00171744,0.00091244],
[1,30000,1,1,5.64881,inf,0.0002657,0.0002657],
[1,30000,2,2,4.13325,14.8727,0.00036605,0.000315875],
[1,30000,3,3,3.28302,9.38361,0.000477888,0.000369879],
[1,30000,4,4,3.05957,7.43634,0.000473638,0.000395819],
[1,30000,5,5,2.9699,6.40531,0.000489638,0.000414583],
[1,30000,10,10,2.35896,4.47712,0.00061515,0.00044801],
[1,30000,20,20,1.91542,3.44121,0.0007797,0.000495395],
[1,30000,50,50,1.61471,2.6352,0.000925213,0.000549122],
[1,30000,100,100,1.35996,2.23856,0.00108942,0.000609156],
[1,30000,200,200,1.23947,1.9457,0.00118465,0.000666705],
[1,30000,500,500,0.88206,1.65883,0.00173891,0.000764178],
[1,30000,1000,1000,0.886977,1.49237,0.00164148,0.000837286],
[1,30000,30000,30000,0.890716,1,0.00169226,0.000903054],
[2,30000,1,1,6.24871,inf,0.000230938,0.000230938],
[2,30000,2,2,3.75146,14.8727,0.000387163,0.00030905],
[2,30000,3,3,3.51686,9.38361,0.0004315,0.000349867],
[2,30000,4,4,2.97127,7.43634,0.000489962,0.000384891],
[2,30000,5,5,2.88547,6.40531,0.00054275,0.000416462],
[2,30000,10,10,2.29816,4.47712,0.000614687,0.0004495],
[2,30000,20,20,1.91237,3.44121,0.000772463,0.000495638],
[2,30000,50,50,1.57615,2.6352,0.000934225,0.000550461],
[2,30000,100,100,1.37231,2.23856,0.00107456,0.000608694],
[2,30000,200,200,1.21248,1.9457,0.00119045,0.00066687],
[2,30000,500,500,0.870172,1.65883,0.00175174,0.000765494],
[2,30000,1000,1000,0.88091,1.49237,0.00168833,0.000842397],
[2,30000,30000,30000,0.878717,1,0.00164543,0.000904168],
[3,30000,1,1,7.27235,inf,0.000196025,0.000196025],
[3,30000,2,2,4.55426,14.8727,0.000309875,0.00025295],
[3,30000,3,3,3.50924,9.38361,0.000410025,0.000305308],
[3,30000,4,4,3.56142,7.43634,0.0004097,0.000331406],
[3,30000,5,5,2.9467,6.40531,0.0005312,0.000371365],
[3,30000,10,10,2.42994,4.47712,0.000589438,0.00040771],
[3,30000,20,20,1.9439,3.44121,0.000738625,0.000454984],
[3,30000,50,50,1.61111,2.6352,0.000928488,0.000514172],
[3,30000,100,100,1.38058,2.23856,0.00107681,0.000576688],
[3,30000,200,200,1.21163,1.9457,0.0012247,0.000641489],
[3,30000,500,500,0.879557,1.65883,0.00168929,0.000736743],
[3,30000,1000,1000,0.868177,1.49237,0.0017678,0.000822665],
[3,30000,30000,30000,0.870194,1,0.00167971,0.000888591],
[4,30000,1,1,5.78533,inf,0.000250037,0.000250037],
[4,30000,2,2,4.16524,14.8727,0.0003439,0.000296969],
[4,30000,3,3,3.73389,9.38361,0.000387013,0.000326983],
[4,30000,4,4,3.15719,7.43634,0.000471788,0.000363184],
[4,30000,5,5,2.89793,6.40531,0.000517512,0.00039405],
[4,30000,10,10,2.28884,4.47712,0.000616338,0.000431098],
[4,30000,20,20,1.91189,3.44121,0.000807238,0.000484832],
[4,30000,50,50,1.586,2.6352,0.000944813,0.00054233],
[4,30000,100,100,1.3503,2.23856,0.00106265,0.000600143],
[4,30000,200,200,1.17586,1.9457,0.00123519,0.000663648],
[4,30000,500,500,0.892266,1.65883,0.00162506,0.000751049],
[4,30000,1000,1000,0.885364,1.49237,0.00172361,0.000832096],
[4,30000,30000,30000,0.85685,1,0.00181934,0.000908038],
[5,30000,1,1,5.84513,inf,0.00025505,0.00025505],
[5,30000,2,2,3.87621,14.8727,0.0003726,0.000313825],
[5,30000,3,3,3.74471,9.38361,0.000396413,0.000341354],
[5,30000,4,4,2.97475,7.43634,0.000503025,0.000381772],
[5,30000,5,5,2.90432,6.40531,0.000512538,0.000407925],
[5,30000,10,10,2.25554,4.47712,0.000664225,0.000450642],
[5,30000,20,20,1.87043,3.44121,0.000799112,0.000500423],
[5,30000,50,50,1.57764,2.6352,0.000964525,0.000558436],
[5,30000,100,100,1.41906,2.23856,0.00106989,0.000615264],
[5,30000,200,200,1.21836,1.9457,0.00119521,0.000673259],
[5,30000,500,500,0.873194,1.65883,0.00165469,0.00076248],
[5,30000,1000,1000,0.879127,1.49237,0.00169506,0.000840195],
[5,30000,30000,30000,0.886632,1,0.00171025,0.000907122],
[6,30000,1,1,6.11462,inf,0.000245488,0.000245488],
[6,30000,2,2,3.83774,14.8727,0.000386875,0.000316181],
[6,30000,3,3,3.82728,9.38361,0.00038675,0.000339704],
[6,30000,4,4,3.04192,7.43634,0.000486075,0.000376297],
[6,30000,5,5,3.07455,6.40531,0.000498125,0.000400663],
[6,30000,10,10,2.34032,4.47712,0.000629375,0.000438781],
[6,30000,20,20,1.93043,3.44121,0.0007564,0.000484155],
[6,30000,50,50,1.56239,2.6352,0.000971063,0.000545019],
[6,30000,100,100,1.35909,2.23856,0.0010886,0.000605417],
[6,30000,200,200,1.20531,1.9457,0.00121029,0.000665904],
[6,30000,500,500,0.884837,1.65883,0.00171388,0.000761174],
[6,30000,1000,1000,0.884854,1.49237,0.00170056,0.000839456],
[6,30000,30000,30000,0.874299,1,0.00175258,0.000909696],
[7,30000,1,1,5.49308,inf,0.00027465,0.00027465],
[7,30000,2,2,4.44988,14.8727,0.00033845,0.00030655],
[7,30000,3,3,3.99865,9.38361,0.00037885,0.00033065],
[7,30000,4,4,3.24018,7.43634,0.000468038,0.000364997],
[7,30000,5,5,2.82488,6.40531,0.000547988,0.000401595],
[7,30000,10,10,2.37726,4.47712,0.000640638,0.000441435],
[7,30000,20,20,1.97629,3.44121,0.00077085,0.000488495],
[7,30000,50,50,1.51862,2.6352,0.000952175,0.000546455],
[7,30000,100,100,1.39384,2.23856,0.00103421,0.00060065],
[7,30000,200,200,1.19757,1.9457,0.0011842,0.000659005],
[7,30000,500,500,0.891747,1.65883,0.00168194,0.000751999],
[7,30000,1000,1000,0.869298,1.49237,0.00172884,0.000833402],
[7,30000,30000,30000,0.864666,1,0.00164519,0.000895847],
[8,30000,1,1,6.03855,inf,0.000251638,0.000251638],
[8,30000,2,2,4.42168,14.8727,0.00034105,0.000296344],
[8,30000,3,3,3.39302,9.38361,0.000428313,0.000340333],
[8,30000,4,4,3.34308,7.43634,0.000426613,0.000361903],
[8,30000,5,5,2.86212,6.40531,0.000515488,0.00039262],
[8,30000,10,10,2.3747,4.47712,0.000622425,0.000430921],
[8,30000,20,20,1.96808,3.44121,0.000794237,0.000482823],
[8,30000,50,50,1.58632,2.6352,0.000910163,0.000536241],
[8,30000,100,100,1.37345,2.23856,0.00107166,0.000595732],
[8,30000,200,200,1.1853,1.9457,0.00122411,0.00065857],
[8,30000,500,500,0.899082,1.65883,0.00163016,0.000746897],
[8,30000,1000,1000,0.897513,1.49237,0.00166948,0.000823778],
[8,30000,30000,30000,0.849824,1,0.00179898,0.000898793],
[9,30000,1,1,6.48924,inf,0.000227138,0.000227138],
[9,30000,2,2,4.42782,14.8727,0.000348888,0.000288013],
[9,30000,3,3,4.02502,9.38361,0.000374262,0.000316763],
[9,30000,4,4,2.94424,7.43634,0.000508,0.000364572],
[9,30000,5,5,2.83474,6.40531,0.000519625,0.000395583],
[9,30000,10,10,2.28942,4.47712,0.000658263,0.000439363],
[9,30000,20,20,1.94074,3.44121,0.000783263,0.000488491],
[9,30000,50,50,1.56378,2.6352,0.00098085,0.000550036],
[9,30000,100,100,1.43072,2.23856,0.00104445,0.000604971],
[9,30000,200,200,1.23029,1.9457,0.00118076,0.00066255],
[9,30000,500,500,0.872797,1.65883,0.00166879,0.000754026],
[9,30000,1000,1000,0.859123,1.49237,0.00169093,0.000832101],
[9,30000,30000,30000,0.879464,1,0.0016465,0.000894747],
[10,30000,1,1,6.04921,inf,0.000267737,0.000267737],
[10,30000,2,2,4.10965,14.8727,0.000382475,0.000325106],
[10,30000,3,3,3.62192,9.38361,0.000400813,0.000350342],
[10,30000,4,4,3.01196,7.43634,0.000479813,0.000382709],
[10,30000,5,5,2.79029,6.40531,0.000535025,0.000413173],
[10,30000,10,10,2.36191,4.47712,0.000632788,0.000449775],
[10,30000,20,20,1.90699,3.44121,0.000758225,0.000493839],
[10,30000,50,50,1.56097,2.6352,0.000986638,0.000555439],
[10,30000,100,100,1.4013,2.23856,0.00105425,0.000610862],
[10,30000,200,200,1.2249,1.9457,0.00118404,0.00066818],
[10,30000,500,500,0.878199,1.65883,0.0016253,0.000755191],
[10,30000,1000,1000,0.896405,1.49237,0.00168396,0.000832589],
[10,30000,30000,30000,0.86346,1,0.00176908,0.000904626],
[11,30000,1,1,5.11479,inf,0.00030065,0.00030065],
[11,30000,2,2,4.61371,14.8727,0.0003311,0.000315875],
[11,30000,3,3,3.63616,9.38361,0.000410413,0.000347388],
[11,30000,4,4,3.06898,7.43634,0.00048055,0.000380678],
[11,30000,5,5,2.89633,6.40531,0.000505225,0.000405588],
[11,30000,10,10,2.2823,4.47712,0.00064735,0.000445881],
[11,30000,20,20,1.90331,3.44121,0.000780238,0.000493646],
[11,30000,50,50,1.60166,2.6352,0.000917063,0.000546573],
[11,30000,100,100,1.36605,2.23856,0.00105253,0.00060279],
[11,30000,200,200,1.20512,1.9457,0.0012027,0.000662781],
[11,30000,500,500,0.873615,1.65883,0.00162846,0.00075057],
[11,30000,1000,1000,0.870838,1.49237,0.00167213,0.000827367],
[11,30000,30000,30000,0.852073,1,0.00176869,0.000899776],
[0,300000,1,1,7.681,inf,0.00238545,0.00238545],
[0,300000,2,2,4.64309,18.1946,0.00394795,0.0031667],
[0,300000,3,3,4.65997,11.4795,0.0038966,0.00341],
[0,300000,4,4,4.01662,9.0973,0.00459095,0.00370524],
[0,300000,5,5,3.77642,7.83599,0.0047695,0.00391809],
[0,300000,10,10,2.92403,5.47712,0.006378,0.00432808],
[0,300000,20,20,2.50449,4.20983,0.00719375,0.00473746],
[0,300000,50,50,1.94447,3.22379,0.00938115,0.00531792],
[0,300000,100,100,1.78925,2.73856,0.0101048,0.00584979],
[0,300000,200,200,1.55415,2.38029,0.0116222,0.00642703],
[0,300000,500,500,1.40216,2.02934,0.013104,0.00703403],
[0,300000,1000,1000,1.23983,1.82571,0.0144145,0.00764907],
[0,300000,300000,300000,0.878661,1,0.0207826,0.00865933],
[1,300000,1,1,8.00515,inf,0.00224472,0.00224472],
[1,300000,2,2,5.63758,18.1946,0.00322723,0.00273597],
[1,300000,3,3,4.56778,11.4795,0.00391568,0.00312921],
[1,300000,4,4,4.05575,9.0973,0.00456943,0.00348926],
[1,300000,5,5,3.7602,7.83599,0.00499163,0.00378974],
[1,300000,10,10,2.9598,5.47712,0.00623313,0.00419697],
[1,300000,20,20,2.53464,4.20983,0.00720175,0.00462622],
[1,300000,50,50,2.10952,3.22379,0.00877325,0.0051446],
[1,300000,100,100,1.85663,2.73856,0.00987335,0.00567002],
[1,300000,200,200,1.58931,2.38029,0.0112879,0.0062318],
[1,300000,500,500,1.44002,2.02934,0.0128184,0.00683058],
[1,300000,1000,1000,1.25991,1.82571,0.0146767,0.00748442],
[1,300000,300000,300000,0.872086,1,0.0212503,0.00854333],
[2,300000,1,1,7.81081,inf,0.00231078,0.00231078],
[2,300000,2,2,6.17248,18.1946,0.0029684,0.00263959],
[2,300000,3,3,4.92565,11.4795,0.00368158,0.00298692],
[2,300000,4,4,4.07126,9.0973,0.00453543,0.00337404],
[2,300000,5,5,3.85155,7.83599,0.00480605,0.00366044],
[2,300000,10,10,2.88775,5.47712,0.00644705,0.00412488],
[2,300000,20,20,2.50665,4.20983,0.00749568,0.00460642],
[2,300000,50,50,2.10957,3.22379,0.00879893,0.00513048],
[2,300000,100,100,1.82849,2.73856,0.00995035,0.00566602],
[2,300000,200,200,1.62758,2.38029,0.0115487,0.00625429],
[2,300000,500,500,1.42138,2.02934,0.012866,0.00685535],
[2,300000,1000,1000,1.21424,1.82571,0.0148429,0.00752098],
[2,300000,300000,300000,0.875673,1,0.0211042,0.00856584],
[3,300000,1,1,8.8414,inf,0.00210323,0.00210323],
[3,300000,2,2,5.25518,18.1946,0.0035289,0.00281606],
[3,300000,3,3,4.38981,11.4795,0.00417103,0.00326772],
[3,300000,4,4,3.95483,9.0973,0.0047267,0.00363246],
[3,300000,5,5,3.71505,7.83599,0.00489933,0.00388583],
[3,300000,10,10,3.08868,5.47712,0.0059676,0.0042328],
[3,300000,20,20,2.51585,4.20983,0.007355,0.00467882],
[3,300000,50,50,2.05619,3.22379,0.0088477,0.00519993],
[3,300000,100,100,1.80149,2.73856,0.00992203,0.00572461],
[3,300000,200,200,1.63404,2.38029,0.0111614,0.00626829],
[3,300000,500,500,1.38348,2.02934,0.0132439,0.00690243],
[3,300000,1000,1000,1.232,1.82571,0.0142706,0.00751644],
[3,300000,300000,300000,0.846027,1,0.0216546,0.00860399],
[4,300000,1,1,7.30674,inf,0.0024782,0.0024782],
[4,300000,2,2,5.01011,18.1946,0.00373233,0.00310526],
[4,300000,3,3,4.18831,11.4795,0.00434333,0.00351795],
[4,300000,4,4,3.72979,9.0973,0.00492463,0.00386962],
[4,300000,5,5,3.61204,7.83599,0.00498063,0.00409182],
[4,300000,10,10,2.78598,5.47712,0.00653105,0.00449836],
[4,300000,20,20,2.57279,4.20983,0.00707543,0.00486651],
[4,300000,50,50,2.03382,3.22379,0.00888173,0.00536841],
[4,300000,100,100,1.78469,2.73856,0.00998983,0.0058819],
[4,300000,200,200,1.57897,2.38029,0.0116545,0.00645916],
[4,300000,500,500,1.40068,2.02934,0.0133486,0.00708547],
[4,300000,1000,1000,1.29311,1.82571,0.0149953,0.00774462],
[4,300000,300000,300000,0.861032,1,0.0222869,0.00886325],
[5,300000,1,1,7.69086,inf,0.00253103,0.00253103],
[5,300000,2,2,5.40694,18.1946,0.00348653,0.00300877],
[5,300000,3,3,4.39583,11.4795,0.0041091,0.00337555],
[5,300000,4,4,3.87726,9.0973,0.00469093,0.00370439],
[5,300000,5,5,3.63358,7.83599,0.00503468,0.00397045],
[5,300000,10,10,2.8293,5.47712,0.00649645,0.00439145],
[5,300000,20,20,2.52808,4.20983,0.00715088,0.00478565],
[5,300000,50,50,1.96489,3.22379,0.00930183,0.00535018],
[5,300000,100,100,1.7513,2.73856,0.0101457,0.00588301],
[5,300000,200,200,1.59741,2.38029,0.0113358,0.0064283],
[5,300000,500,500,1.40243,2.02934,0.0128582,0.00701283],
[5,300000,1000,1000,1.25433,1.82571,0.0143298,0.00762258],
[5,300000,300000,300000,0.86275,1,0.0214292,0.00868462],
[6,300000,1,1,7.7547,inf,0.00230185,0.00230185],
[6,300000,2,2,5.434,18.1946,0.00338245,0.00284215],
[6,300000,3,3,4.48291,11.4795,0.00402195,0.00323542],
[6,300000,4,4,4.26903,9.0973,0.00441458,0.00353021],
[6,300000,5,5,3.70388,7.83599,0.0050513,0.00383442],
[6,300000,10,10,3.05673,5.47712,0.00620125,0.0042289],
[6,300000,20,20,2.49996,4.20983,0.00725058,0.00466056],
[6,300000,50,50,2.02842,3.22379,0.00910932,0.00521666],
[6,300000,100,100,1.82008,2.73856,0.00982285,0.00572846],
[6,300000,200,200,1.50102,2.38029,0.0119832,0.00635393],
[6,300000,500,500,1.41323,2.02934,0.0128712,0.0069464],
[6,300000,1000,1000,1.2402,1.82571,0.0147934,0.00760032],
[6,300000,300000,300000,0.855253,1,0.0215058,0.00866997],
[7,300000,1,1,7.7142,inf,0.00233048,0.00233048],
[7,300000,2,2,6.10847,18.1946,0.0031237,0.00272709],
[7,300000,3,3,4.56132,11.4795,0.00391148,0.00312188],
[7,300000,4,4,3.65905,9.0973,0.00495775,0.00358085],
[7,300000,5,5,3.6153,7.83599,0.00500348,0.00386537],
[7,300000,10,10,2.96093,5.47712,0.00616935,0.00424937],
[7,300000,20,20,2.49145,4.20983,0.00721873,0.00467356],
[7,300000,50,50,2.06294,3.22379,0.00883573,0.00519383],
[7,300000,100,100,1.79908,2.73856,0.0098742,0.00571388],
[7,300000,200,200,1.63197,2.38029,0.0113801,0.0062805],
[7,300000,500,500,1.4088,2.02934,0.0130438,0.00689535],
[7,300000,1000,1000,1.30257,1.82571,0.0141024,0.00749594],
[7,300000,300000,300000,0.845548,1,0.0216567,0.00858523],
[8,300000,1,1,6.80224,inf,0.00267683,0.00267683],
[8,300000,2,2,5.14761,18.1946,0.00356,0.00311841],
[8,300000,3,3,4.85748,11.4795,0.00368748,0.0033081],
[8,300000,4,4,4.12497,9.0973,0.0044021,0.0035816],
[8,300000,5,5,3.74083,7.83599,0.00483973,0.00383323],
[8,300000,10,10,2.88009,5.47712,0.0063762,0.00425705],
[8,300000,20,20,2.50134,4.20983,0.0072807,0.004689],
[8,300000,50,50,2.07464,3.22379,0.00884095,0.005208],
[8,300000,100,100,1.81834,2.73856,0.00982582,0.00572109],
[8,300000,200,200,1.64613,2.38029,0.0111372,0.0062627],
[8,300000,500,500,1.39337,2.02934,0.0128856,0.00686478],
[8,300000,1000,1000,1.20857,1.82571,0.0150032,0.00754298],
[8,300000,300000,300000,0.829935,1,0.0215896,0.00862349],
[9,300000,1,1,6.76029,inf,0.00267088,0.00267088],
[9,300000,2,2,5.20436,18.1946,0.003574,0.00312244],
[9,300000,3,3,4.58794,11.4795,0.00400483,0.00341657],
[9,300000,4,4,3.94997,9.0973,0.0048139,0.0037659],
[9,300000,5,5,3.73335,7.83599,0.00482438,0.0039776],
[9,300000,10,10,3.07294,5.47712,0.0059811,0.00431151],
[9,300000,20,20,2.40627,4.20983,0.00750713,0.00476803],
[9,300000,50,50,2.09812,3.22379,0.0087433,0.00526494],
[9,300000,100,100,1.84017,2.73856,0.0098103,0.00576998],
[9,300000,200,200,1.60224,2.38029,0.0114583,0.00633881],
[9,300000,500,500,1.36332,2.02934,0.0133817,0.00697908],
[9,300000,1000,1000,1.29866,1.82571,0.0144558,0.00760213],
[9,300000,300000,300000,0.861414,1,0.0213618,0.00866057],
[10,300000,1,1,8.00321,inf,0.00228992,0.00228992],
[10,300000,2,2,4.87961,18.1946,0.0037251,0.00300751],
[10,300000,3,3,4.49953,11.4795,0.0040318,0.00334894],
[10,300000,4,4,4.19425,9.0973,0.0043989,0.00361143],
[10,300000,5,5,3.73568,7.83599,0.0048477,0.00385868],
[10,300000,10,10,2.98634,5.47712,0.0061592,0.0042421],
[10,300000,20,20,2.56918,4.20983,0.00701225,0.00463784],
[10,300000,50,50,2.00764,3.22379,0.0091544,0.00520241],
[10,300000,100,100,1.78361,2.73856,0.0105112,0.00579227],
[10,300000,200,200,1.6075,2.38029,0.011517,0.00636475],
[10,300000,500,500,1.3578,2.02934,0.0137672,0.0070377],
[10,300000,1000,1000,1.24656,1.82571,0.0147453,0.00768],
[10,300000,300000,300000,0.828611,1,0.021806,0.00876662],
[11,300000,1,1,7.32118,inf,0.0025033,0.0025033],
[11,300000,2,2,5.42624,18.1946,0.0034337,0.0029685],
[11,300000,3,3,4.42339,11.4795,0.00415773,0.00336491],
[11,300000,4,4,4.06235,9.0973,0.00460235,0.00367427],
[11,300000,5,5,3.58691,7.83599,0.0051182,0.00396306],
[11,300000,10,10,3.02722,5.47712,0.00598753,0.00430047],
[11,300000,20,20,2.47522,4.20983,0.00730395,0.00472954],
[11,300000,50,50,2.0979,3.22379,0.00874113,0.00523098],
[11,300000,100,100,1.81381,2.73856,0.0099188,0.00575185],
[11,300000,200,200,1.61642,2.38029,0.0112847,0.00630514],
[11,300000,500,500,1.42385,2.02934,0.013142,0.00692667],
[11,300000,1000,1000,1.22385,1.82571,0.0147718,0.00758043],
[11,300000,300000,300000,0.856215,1,0.0217348,0.00866923],
[0,3000000,1,1,8.70705,inf,0.0250411,0.0250411],
[0,3000000,2,2,6.4697,21.5165,0.0338314,0.0294362],
[0,3000000,3,3,5.12001,13.5754,0.0420889,0.0336538],
[0,3000000,4,4,4.77625,10.7583,0.0455833,0.0366361],
[0,3000000,5,5,4.2595,9.26667,0.0510961,0.0395281],
[0,3000000,10,10,3.54228,6.47712,0.0639928,0.0436056],
[0,3000000,20,20,2.95393,4.97846,0.0733378,0.047853],
[0,3000000,50,50,2.41655,3.81238,0.0903842,0.0531694],
[0,3000000,100,100,2.20516,3.23856,0.0997202,0.0583417],
[0,3000000,200,200,1.90903,2.81488,0.115278,0.0640354],
[0,3000000,500,500,1.62852,2.39985,0.135381,0.0705213],
[0,3000000,1000,1000,1.5686,2.15904,0.139043,0.0762314],
[0,3000000,3000000,3000000,0.85718,1,0.250786,0.0896587],
[1,3000000,1,1,9.77302,inf,0.0221079,0.0221079],
[1,3000000,2,2,5.8473,21.5165,0.0372271,0.0296675],
[1,3000000,3,3,5.772,13.5754,0.039087,0.0328073],
[1,3000000,4,4,4.5803,10.7583,0.0479034,0.0365813],
[1,3000000,5,5,4.31402,9.26667,0.0501845,0.039302],
[1,3000000,10,10,3.48684,6.47712,0.0630208,0.0432551],
[1,3000000,20,20,2.89027,4.97846,0.0767777,0.048044],
[1,3000000,50,50,2.3877,3.81238,0.0926175,0.0536157],
[1,3000000,100,100,2.06865,3.23856,0.106012,0.0594375],
[1,3000000,200,200,1.87278,2.81488,0.116381,0.0651318],
[1,3000000,500,500,1.68379,2.39985,0.134665,0.0714531],
[1,3000000,1000,1000,1.56905,2.15904,0.143935,0.0774932],
[1,3000000,3000000,3000000,0.873956,1,0.257973,0.0913763],
[2,3000000,1,1,8.97745,inf,0.0252736,0.0252736],
[2,3000000,2,2,6.69042,21.5165,0.0332145,0.029244],
[2,3000000,3,3,4.73923,13.5754,0.0468755,0.0351212],
[2,3000000,4,4,4.92719,10.7583,0.0455407,0.0377261],
[2,3000000,5,5,4.21908,9.26667,0.0553689,0.0412546],
[2,3000000,10,10,3.41435,6.47712,0.067409,0.0456137],
[2,3000000,20,20,2.84885,4.97846,0.0795218,0.0504577],
[2,3000000,50,50,2.40594,3.81238,0.0943563,0.055945],
[2,3000000,100,100,2.04562,3.23856,0.109291,0.0618724],
[2,3000000,200,200,1.93093,2.81488,0.117734,0.0674586],
[2,3000000,500,500,1.67111,2.39985,0.135004,0.0735991],
[2,3000000,1000,1000,1.53828,2.15904,0.148418,0.079834],
[2,3000000,3000000,3000000,0.869014,1,0.264466,0.0940364],
[3,3000000,1,1,10.061,inf,0.0217487,0.0217487],
[3,3000000,2,2,5.41924,21.5165,0.0402303,0.0309895],
[3,3000000,3,3,5.23038,13.5754,0.0416351,0.034538],
[3,3000000,4,4,4.48394,10.7583,0.0482242,0.0379596],
[3,3000000,5,5,4.11507,9.26667,0.0526361,0.0408949],
[3,3000000,10,10,3.46045,6.47712,0.0624254,0.0444833],
[3,3000000,20,20,2.87489,4.97846,0.0752184,0.048874],
[3,3000000,50,50,2.32948,3.81238,0.0932914,0.0544262],
[3,3000000,100,100,2.16562,3.23856,0.101796,0.0596895],
[3,3000000,200,200,1.91589,2.81488,0.113197,0.0650402],
[3,3000000,500,500,1.667,2.39985,0.129707,0.070919],
[3,3000000,1000,1000,1.56166,2.15904,0.142192,0.0768585],
[3,3000000,3000000,3000000,0.84879,1,0.255996,0.0906382],
[4,3000000,1,1,8.91703,inf,0.0245433,0.0245433],
[4,3000000,2,2,7.85343,21.5165,0.0275484,0.0260458],
[4,3000000,3,3,5.48428,13.5754,0.0395447,0.0305454],
[4,3000000,4,4,4.57629,10.7583,0.0476388,0.0348188],
[4,3000000,5,5,4.23887,9.26667,0.0513678,0.0381286],
[4,3000000,10,10,3.51007,6.47712,0.067236,0.0429798],
[4,3000000,20,20,2.88375,4.97846,0.0756689,0.0476497],
[4,3000000,50,50,2.42374,3.81238,0.0906619,0.0530262],
[4,3000000,100,100,2.11077,3.23856,0.103446,0.0586284],
[4,3000000,200,200,1.89396,2.81488,0.115727,0.0643383],
[4,3000000,500,500,1.68227,2.39985,0.129731,0.0702831],
[4,3000000,1000,1000,1.54908,2.15904,0.142335,0.0762874],
[4,3000000,3000000,3000000,0.836765,1,0.261457,0.0905312],
[5,3000000,1,1,10.1618,inf,0.0217411,0.0217411],
[5,3000000,2,2,6.23539,21.5165,0.034459,0.0281001],
[5,3000000,3,3,4.98126,13.5754,0.0434361,0.0332121],
[5,3000000,4,4,4.43463,10.7583,0.0486383,0.0370686],
[5,3000000,5,5,4.21053,9.26667,0.0513911,0.0399331],
[5,3000000,10,10,3.31333,6.47712,0.0653679,0.0441722],
[5,3000000,20,20,2.85836,4.97846,0.0757396,0.0486819],
[5,3000000,50,50,2.41053,3.81238,0.0894137,0.0537733],
[5,3000000,100,100,2.13041,3.23856,0.101087,0.0590304],
[5,3000000,200,200,1.91785,2.81488,0.113069,0.0644342],
[5,3000000,500,500,1.73256,2.39985,0.134274,0.0707833],
[5,3000000,1000,1000,1.55264,2.15904,0.139938,0.0765462],
[5,3000000,3000000,3000000,0.882013,1,0.249926,0.0898831],
[6,3000000,1,1,9.08962,inf,0.0239782,0.0239782],
[6,3000000,2,2,6.19739,21.5165,0.0350061,0.0294921],
[6,3000000,3,3,5.17759,13.5754,0.0418705,0.0336182],
[6,3000000,4,4,4.80007,10.7583,0.0450748,0.0364824],
[6,3000000,5,5,4.01803,9.26667,0.0540304,0.039992],
[6,3000000,10,10,3.62655,6.47712,0.0599336,0.0433156],
[6,3000000,20,20,2.92283,4.97846,0.0749612,0.0478364],
[6,3000000,50,50,2.41521,3.81238,0.0911406,0.0532494],
[6,3000000,100,100,2.11541,3.23856,0.102781,0.0587529],
[6,3000000,200,200,1.87071,2.81488,0.11569,0.0644466],
[6,3000000,500,500,1.64499,2.39985,0.131527,0.0705448],
[6,3000000,1000,1000,1.51007,2.15904,0.14328,0.0766061],
[6,3000000,3000000,3000000,0.873481,1,0.248451,0.0898249],
[7,3000000,1,1,9.98816,inf,0.0217441,0.0217441],
[7,3000000,2,2,5.70306,21.5165,0.038497,0.0301205],
[7,3000000,3,3,5.35576,13.5754,0.0404449,0.033562],
[7,3000000,4,4,4.31695,10.7583,0.0504905,0.0377941],
[7,3000000,5,5,4.50437,9.26667,0.0483695,0.0399092],
[7,3000000,10,10,3.42183,6.47712,0.0645865,0.044022],
[7,3000000,20,20,2.87767,4.97846,0.075887,0.0485742],
[7,3000000,50,50,2.37127,3.81238,0.0913607,0.0539225],
[7,3000000,100,100,2.16983,3.23856,0.102507,0.0593207],
[7,3000000,200,200,1.8462,2.81488,0.120588,0.0654475],
[7,3000000,500,500,1.69761,2.39985,0.133038,0.0715921],
[7,3000000,1000,1000,1.54644,2.15904,0.142523,0.077503],
[7,3000000,3000000,3000000,0.867639,1,0.251373,0.0908776],
[8,3000000,1,1,8.57871,inf,0.0252976,0.0252976],
[8,3000000,2,2,6.12742,21.5165,0.0358344,0.030566],
[8,3000000,3,3,5.32315,13.5754,0.0410163,0.0340494],
[8,3000000,4,4,4.72828,10.7583,0.0461611,0.0370773],
[8,3000000,5,5,4.2656,9.26667,0.0512032,0.0399025],
[8,3000000,10,10,3.55658,6.47712,0.060959,0.0434119],
[8,3000000,20,20,2.79053,4.97846,0.0775339,0.0482865],
[8,3000000,50,50,2.49157,3.81238,0.08794,0.0532432],
[8,3000000,100,100,2.11638,3.23856,0.103124,0.0587855],
[8,3000000,200,200,1.96021,2.81488,0.112614,0.0641683],
[8,3000000,500,500,1.66457,2.39985,0.133439,0.0704657],
[8,3000000,1000,1000,1.49986,2.15904,0.14675,0.0768227],
[8,3000000,3000000,3000000,0.843136,1,0.255824,0.090592],
[9,3000000,1,1,7.97607,inf,0.0271536,0.0271536],
[9,3000000,2,2,6.0724,21.5165,0.0354571,0.0313054],
[9,3000000,3,3,5.39642,13.5754,0.0408087,0.0344731],
[9,3000000,4,4,4.2889,10.7583,0.0500366,0.038364],
[9,3000000,5,5,4.28674,9.26667,0.0503201,0.0407552],
[9,3000000,10,10,3.38772,6.47712,0.0634088,0.0445308],
[9,3000000,20,20,2.82465,4.97846,0.0757949,0.0489971],
[9,3000000,50,50,2.3986,3.81238,0.0902525,0.054154],
[9,3000000,100,100,2.08102,3.23856,0.102101,0.0594815],
[9,3000000,200,200,1.89084,2.81488,0.114458,0.0649791],
[9,3000000,500,500,1.60764,2.39985,0.133809,0.0712363],
[9,3000000,1000,1000,1.55684,2.15904,0.139132,0.0768943],
[9,3000000,3000000,3000000,0.868387,1,0.247258,0.0899992],
[10,3000000,1,1,9.57112,inf,0.0226786,0.0226786],
[10,3000000,2,2,5.91019,21.5165,0.0370834,0.029881],
[10,3000000,3,3,4.8095,13.5754,0.0449661,0.0349093],
[10,3000000,4,4,4.71118,10.7583,0.0458389,0.0376417],
[10,3000000,5,5,4.31537,9.26667,0.0503333,0.04018],
[10,3000000,10,10,3.35507,6.47712,0.0654129,0.0443855],
[10,3000000,20,20,2.84253,4.97846,0.0760849,0.048914],
[10,3000000,50,50,2.39031,3.81238,0.0912688,0.0542083],
[10,3000000,100,100,2.11023,3.23856,0.102398,0.0595627],
[10,3000000,200,200,1.92304,2.81488,0.114021,0.0650085],
[10,3000000,500,500,1.66474,2.39985,0.130753,0.0709853],
[10,3000000,1000,1000,1.50148,2.15904,0.146758,0.0772997],
[10,3000000,3000000,3000000,0.859582,1,0.251853,0.0907268],
[11,3000000,1,1,9.18166,inf,0.0239496,0.0239496],
[11,3000000,2,2,6.11544,21.5165,0.0356851,0.0298173],
[11,3000000,3,3,4.98873,13.5754,0.0435167,0.0343838],
[11,3000000,4,4,4.66039,10.7583,0.0467608,0.0374781],
[11,3000000,5,5,4.31237,9.26667,0.0504849,0.0400794],
[11,3000000,10,10,3.44777,6.47712,0.0628077,0.0438675],
[11,3000000,20,20,2.9545,4.97846,0.0734994,0.0481006],
[11,3000000,50,50,2.41172,3.81238,0.0905719,0.0534095],
[11,3000000,100,100,2.10572,3.23856,0.102541,0.0588686],
[11,3000000,200,200,1.89716,2.81488,0.114649,0.0644466],
[11,3000000,500,500,1.66946,2.39985,0.130183,0.0704227],
[11,3000000,1000,1000,1.55625,2.15904,0.144118,0.0765639],
[11,3000000,3000000,3000000,0.874473,1,0.25127,0.0900028],
[0,30000000,1,1,11.6933,inf,0.213601,0.213601],
[0,30000000,2,2,7.72725,24.8385,0.324614,0.269108],
[0,30000000,3,3,5.98006,15.6713,0.418697,0.318971],
[0,30000000,4,4,5.57192,12.4192,0.452952,0.352466],
[0,30000000,5,5,4.96651,10.6973,0.502445,0.382462],
[0,30000000,10,10,4.04988,7.47712,0.628974,0.423547],
[0,30000000,20,20,3.28958,5.74708,0.757947,0.471319],
[0,30000000,50,50,2.64152,4.40097,0.942865,0.530262],
[0,30000000,100,100,2.4534,3.73856,1.02404,0.585126],
[0,30000000,200,200,2.19012,3.24947,1.14828,0.641442],
[0,30000000,500,500,1.94574,2.77036,1.29523,0.700877],
[0,30000000,1000,1000,1.7441,2.49237,1.43805,0.762308],
[0,30000000,30000000,30000000,0.892295,1,2.8163,0.920307],
[1,30000000,1,1,11.3205,inf,0.22166,0.22166],
[1,30000000,2,2,6.71853,24.8385,0.395969,0.308814],
[1,30000000,3,3,6.053,15.6713,0.436269,0.351299],
[1,30000000,4,4,5.41154,12.4192,0.466756,0.380163],
[1,30000000,5,5,4.89865,10.6973,0.51024,0.406179],
[1,30000000,10,10,3.84006,7.47712,0.645722,0.446103],
[1,30000000,20,20,3.39176,5.74708,0.734447,0.487295],
[1,30000000,50,50,2.75635,4.40097,0.916043,0.540888],
[1,30000000,100,100,2.39238,3.73856,1.0389,0.596223],
[1,30000000,200,200,2.16119,3.24947,1.17561,0.654161],
[1,30000000,500,500,1.94797,2.77036,1.28161,0.711202],
[1,30000000,1000,1000,1.75946,2.49237,1.40488,0.769008],
[1,30000000,30000000,30000000,0.880864,1,2.80664,0.925749],
[2,30000000,1,1,11.1133,inf,0.223855,0.223855],
[2,30000000,2,2,7.32712,24.8385,0.338274,0.281065],
[2,30000000,3,3,6.1915,15.6713,0.400994,0.321041],
[2,30000000,4,4,5.66375,12.4192,0.436783,0.349977],
[2,30000000,5,5,4.88963,10.6973,0.506351,0.381251],
[2,30000000,10,10,3.8834,7.47712,0.639177,0.424239],
[2,30000000,20,20,3.32672,5.74708,0.745836,0.470181],
[2,30000000,50,50,2.74462,4.40097,0.914877,0.525768],
[2,30000000,100,100,2.39284,3.73856,1.04386,0.583334],
[2,30000000,200,200,2.21932,3.24947,1.13438,0.638439],
[2,30000000,500,500,1.92182,2.77036,1.29682,0.698292],
[2,30000000,1000,1000,1.78309,2.49237,1.39952,0.756728],
[2,30000000,30000000,30000000,0.883296,1,2.82097,0.915516],
[3,30000000,1,1,12.5696,inf,0.198893,0.198893],
[3,30000000,2,2,7.34208,24.8385,0.341908,0.270401],
[3,30000000,3,3,6.16044,15.6713,0.406184,0.315662],
[3,30000000,4,4,4.97106,12.4192,0.516164,0.365787],
[3,30000000,5,5,5.09044,10.6973,0.51821,0.396272],
[3,30000000,10,10,3.76067,7.47712,0.680944,0.443717],
[3,30000000,20,20,3.2734,5.74708,0.780886,0.491884],
[3,30000000,50,50,2.73632,4.40097,0.938636,0.547728],
[3,30000000,100,100,2.40593,3.73856,1.05429,0.604013],
[3,30000000,200,200,2.17781,3.24947,1.18008,0.66162],
[3,30000000,500,500,1.91185,2.77036,1.32537,0.721961],
[3,30000000,1000,1000,1.68824,2.49237,1.50278,0.787029],
[3,30000000,30000000,30000000,0.874577,1,2.86905,0.947184],
[4,30000000,1,1,10.3598,inf,0.239447,0.239447],
[4,30000000,2,2,6.60032,24.8385,0.379011,0.309229],
[4,30000000,3,3,6.16057,15.6713,0.406771,0.341743],
[4,30000000,4,4,5.13769,12.4192,0.482249,0.37687],
[4,30000000,5,5,5.03433,10.6973,0.495043,0.400504],
[4,30000000,10,10,4.12227,7.47712,0.612715,0.435873],
[4,30000000,20,20,3.29977,5.74708,0.758101,0.481905],
[4,30000000,50,50,2.63187,4.40097,0.938723,0.539008],
[4,30000000,100,100,2.3868,3.73856,1.04554,0.595289],
[4,30000000,200,200,2.06308,3.24947,1.19604,0.655364],
[4,30000000,500,500,1.9247,2.77036,1.31543,0.71537],
[4,30000000,1000,1000,1.6628,2.49237,1.54331,0.784365],
[4,30000000,30000000,30000000,0.869994,1,2.84092,0.942561],
[5,30000000,1,1,11.0794,inf,0.226551,0.226551],
[5,30000000,2,2,7.75368,24.8385,0.323868,0.275209],
[5,30000000,3,3,6.22127,15.6713,0.400493,0.31697],
[5,30000000,4,4,5.66068,12.4192,0.438022,0.347233],
[5,30000000,5,5,4.88191,10.6973,0.516397,0.381066],
[5,30000000,10,10,3.83643,7.47712,0.651978,0.426218],
[5,30000000,20,20,3.31928,5.74708,0.761315,0.474089],
[5,30000000,50,50,2.68456,4.40097,0.971415,0.536255],
[5,30000000,100,100,2.38458,3.73856,1.06263,0.594741],
[5,30000000,200,200,2.11818,3.24947,1.19654,0.654921],
[5,30000000,500,500,1.93396,2.77036,1.31538,0.714963],
[5,30000000,1000,1000,1.68338,2.49237,1.5493,0.784491],
[5,30000000,30000000,30000000,0.872532,1,2.93003,0.949532],
[6,30000000,1,1,12.474,inf,0.204285,0.204285],
[6,30000000,2,2,6.86806,24.8385,0.37463,0.289457],
[6,30000000,3,3,6.17366,15.6713,0.407937,0.32895],
[6,30000000,4,4,5.63861,12.4192,0.459449,0.361575],
[6,30000000,5,5,5.07631,10.6973,0.501799,0.38962],
[6,30000000,10,10,3.91952,7.47712,0.647293,0.432565],
[6,30000000,20,20,3.28165,5.74708,0.774176,0.481367],
[6,30000000,50,50,2.73083,4.40097,0.922786,0.536544],
[6,30000000,100,100,2.39157,3.73856,1.05018,0.593615],
[6,30000000,200,200,2.18964,3.24947,1.15439,0.649692],
[6,30000000,500,500,1.948,2.77036,1.29574,0.708424],
[6,30000000,1000,1000,1.81752,2.49237,1.45127,0.770328],
[6,30000000,30000000,30000000,0.871782,1,2.91484,0.93529],
[7,30000000,1,1,11.7213,inf,0.218359,0.218359],
[7,30000000,2,2,8.73157,24.8385,0.291161,0.25476],
[7,30000000,3,3,6.10385,15.6713,0.415652,0.308391],
[7,30000000,4,4,5.54463,12.4192,0.480035,0.351302],
[7,30000000,5,5,5.35376,10.6973,0.474252,0.375892],
[7,30000000,10,10,3.91626,7.47712,0.650959,0.421736],
[7,30000000,20,20,3.34913,5.74708,0.760857,0.470182],
[7,30000000,50,50,2.70085,4.40097,0.936685,0.528495],
[7,30000000,100,100,2.37807,3.73856,1.06886,0.588536],
[7,30000000,200,200,2.18214,3.24947,1.1622,0.645902],
[7,30000000,500,500,1.91174,2.77036,1.33237,0.708309],
[7,30000000,1000,1000,1.76762,2.49237,1.46612,0.771459],
[7,30000000,30000000,30000000,0.883394,1,2.88661,0.934164],
[8,30000000,1,1,13.1328,inf,0.195354,0.195354],
[8,30000000,2,2,6.96106,24.8385,0.360333,0.277843],
[8,30000000,3,3,6.67346,15.6713,0.384592,0.313426],
[8,30000000,4,4,5.55273,12.4192,0.452708,0.348247],
[8,30000000,5,5,5.41741,10.6973,0.463673,0.371332],
[8,30000000,10,10,3.96578,7.47712,0.631967,0.414771],
[8,30000000,20,20,3.34611,5.74708,0.754237,0.463266],
[8,30000000,50,50,2.73082,4.40097,0.931017,0.521735],
[8,30000000,100,100,2.40511,3.73856,1.05782,0.5813],
[8,30000000,200,200,2.1619,3.24947,1.17613,0.640783],
[8,30000000,500,500,1.88529,2.77036,1.348,0.705076],
[8,30000000,1000,1000,1.73941,2.49237,1.45582,0.767638],
[8,30000000,30000000,30000000,0.864846,1,2.87355,0.929631],
[9,30000000,1,1,14.1029,inf,0.177918,0.177918],
[9,30000000,2,2,7.63946,24.8385,0.329962,0.25394],
[9,30000000,3,3,5.88653,15.6713,0.437587,0.315155],
[9,30000000,4,4,5.30059,12.4192,0.473913,0.354845],
[9,30000000,5,5,5.21839,10.6973,0.481778,0.380232],
[9,30000000,10,10,3.96976,7.47712,0.634988,0.422691],
[9,30000000,20,20,3.26514,5.74708,0.773837,0.472855],
[9,30000000,50,50,2.71941,4.40097,0.929308,0.529911],
[9,30000000,100,100,2.39325,3.73856,1.05917,0.588718],
[9,30000000,200,200,2.10698,3.24947,1.21018,0.650865],
[9,30000000,500,500,1.90448,2.77036,1.34701,0.71415],
[9,30000000,1000,1000,1.73232,2.49237,1.46921,0.777072],
[9,30000000,30000000,30000000,0.884119,1,2.87991,0.938829],
[10,30000000,1,1,10.6295,inf,0.238533,0.238533],
[10,30000000,2,2,7.2961,24.8385,0.346462,0.292498],
[10,30000000,3,3,6.25509,15.6713,0.408782,0.331259],
[10,30000000,4,4,5.85312,12.4192,0.435446,0.357306],
[10,30000000,5,5,4.81663,10.6973,0.539106,0.393666],
[10,30000000,10,10,3.81683,7.47712,0.666557,0.439148],
[10,30000000,20,20,3.1452,5.74708,0.802229,0.491017],
[10,30000000,50,50,2.53084,4.40097,1.00691,0.555504],
[10,30000000,100,100,2.4401,3.73856,1.04467,0.609855],
[10,30000000,200,200,2.14753,3.24947,1.17033,0.665902],
[10,30000000,500,500,1.88594,2.77036,1.33856,0.727053],
[10,30000000,1000,1000,1.75017,2.49237,1.44321,0.786733],
[10,30000000,30000000,30000000,0.879102,1,2.85497,0.945828],
[11,30000000,1,1,13.1546,inf,0.18909,0.18909],
[11,30000000,2,2,7.91102,24.8385,0.314179,0.251635],
[11,30000000,3,3,6.13862,15.6713,0.405447,0.302905],
[11,30000000,4,4,5.73993,12.4192,0.43583,0.336137],
[11,30000000,5,5,5.29454,10.6973,0.470924,0.363094],
[11,30000000,10,10,4.06494,7.47712,0.616016,0.405248],
[11,30000000,20,20,3.35784,5.74708,0.742006,0.453356],
[11,30000000,50,50,2.75141,4.40097,0.919222,0.511589],
[11,30000000,100,100,2.4277,3.73856,1.04728,0.57111],
[11,30000000,200,200,2.15266,3.24947,1.1727,0.631269],
[11,30000000,500,500,1.91445,2.77036,1.32832,0.694638],
[11,30000000,1000,1000,1.74,2.49237,1.45431,0.757944],
[11,30000000,30000000,30000000,0.874444,1,2.87961,0.921149]
]

